352	FT911-56	1	1.0	
352	FT911-131	2	1.0	
352	FT911-133	3	1.0	
352	FT911-137	4	1.0	
352	FT911-1078	5	1.0	
352	FT911-3261	6	1.0	
352	FT911-3006	7	1.0	
352	FT911-4317	8	1.0	
352	FT911-4561	9	1.0	
352	FT911-4784	10	1.0	
352	FT911-4786	11	1.0	
352	FT911-1488	12	1.0	
352	FT911-39	13	1.0	
352	FT911-3645	14	1.0	
352	FT911-2300	15	1.0	
352	FT911-2652	16	1.0	
352	FT911-3910	17	1.0	
352	FT911-794	18	1.0	
352	FT911-2803	19	1.0	
352	FT911-4043	20	1.0	
352	FT911-4040	21	1.0	
352	FT911-3153	22	1.0	
352	FT911-3345	23	1.0	
352	FT911-4649	24	1.0	
352	FT911-2457	25	1.0	
352	FT911-3618	26	1.0	
352	FT911-1651	27	1.0	
352	FT911-1407	28	1.0	
352	FT911-404	29	1.0	
352	FT911-2948	30	1.0	
352	FT911-417	31	1.0	
352	FT911-4095	32	1.0	
352	FT911-4059	33	1.0	
352	FT911-1062	34	0.9698085333290023	
352	FT911-519	35	0.9698085333290023	
352	FT911-3936	36	0.9698085333290023	
352	FT911-3050	37	0.9444739581097563	
352	FT911-4741	38	0.9444739581097563	
352	FT911-1462	39	0.9444739581097563	
352	FT911-3641	40	0.9444739581097563	
352	FT911-3503	41	0.9444739581097563	
352	FT911-4814	42	0.9444739581097563	
352	FT911-3947	43	0.9444739581097563	
352	FT911-910	44	0.9444739581097563	
352	FT911-1595	45	0.9444739581097563	
352	FT911-1436	46	0.9444739581097563	
352	FT911-5179	47	0.9038951266460931	
352	FT911-328	48	0.8660814803371054	
352	FT911-4641	49	0.8660814803371054	
352	FT911-2756	50	0.8660814803371054	
352	FT911-399	51	0.8610268384042247	
352	FT911-4164	52	0.8610268384042247	
352	FT911-5238	53	0.8610268384042247	
352	FT911-3059	54	0.8610268384042247	
352	FT911-374	55	0.8610268384042247	
352	FT911-3053	56	0.8610268384042247	
352	FT911-3052	57	0.8610268384042247	
352	FT911-4386	58	0.8610268384042247	
352	FT911-4381	59	0.8610268384042247	
352	FT911-2192	60	0.8610268384042247	
352	FT911-194	61	0.8610268384042247	
352	FT911-1087	62	0.8610268384042247	
352	FT911-2176	63	0.8610268384042247	
352	FT911-4362	64	0.8610268384042247	
352	FT911-3259	65	0.8610268384042247	
352	FT911-4588	66	0.8610268384042247	
352	FT911-5200	67	0.8610268384042247	
352	FT911-4337	68	0.8610268384042247	
352	FT911-1066	69	0.8610268384042247	
352	FT911-3246	70	0.8610268384042247	
352	FT911-3493	71	0.8610268384042247	
352	FT911-3494	72	0.8610268384042247	
352	FT911-3491	73	0.8610268384042247	
352	FT911-3478	74	0.8610268384042247	
352	FT911-1297	75	0.8610268384042247	
352	FT911-2395	76	0.8610268384042247	
352	FT911-3241	77	0.8610268384042247	
352	FT911-4799	78	0.8610268384042247	
352	FT911-4309	79	0.8610268384042247	
352	FT911-3215	80	0.8610268384042247	
352	FT911-3220	81	0.8610268384042247	
352	FT911-2131	82	0.8610268384042247	
352	FT911-4792	83	0.8610268384042247	
352	FT911-3446	84	0.8610268384042247	
352	FT911-3441	85	0.8610268384042247	
352	FT911-3438	86	0.8610268384042247	
352	FT911-3437	87	0.8610268384042247	
352	FT911-4767	88	0.8610268384042247	
352	FT911-3673	89	0.8610268384042247	
352	FT911-1496	90	0.8610268384042247	
352	FT911-4519	91	0.8610268384042247	
352	FT911-4518	92	0.8610268384042247	
352	FT911-2573	93	0.8610268384042247	
352	FT911-1243	94	0.8610268384042247	
352	FT911-1492	95	0.8610268384042247	
352	FT911-4748	96	0.8610268384042247	
352	FT911-4986	97	0.8610268384042247	
352	FT911-3410	98	0.8610268384042247	
352	FT911-1481	99	0.8610268384042247	
352	FT911-800	100	0.8610268384042247	
352	FT911-804	101	0.8610268384042247	
352	FT911-808	102	0.8610268384042247	
352	FT911-1223	103	0.8610268384042247	
352	FT911-4970	104	0.8610268384042247	
352	FT911-3642	105	0.8610268384042247	
352	FT911-1222	106	0.8610268384042247	
352	FT911-2560	107	0.8610268384042247	
352	FT911-3638	108	0.8610268384042247	
352	FT911-21	109	0.8610268384042247	
352	FT911-2657	110	0.8610268384042247	
352	FT911-2650	111	0.8610268384042247	
352	FT911-1563	112	0.8610268384042247	
352	FT911-951	113	0.8610268384042247	
352	FT911-3978	114	0.8610268384042247	
352	FT911-2407	115	0.8610268384042247	
352	FT911-4821	116	0.8610268384042247	
352	FT911-721	117	0.8610268384042247	
352	FT911-967	118	0.8610268384042247	
352	FT911-4818	119	0.8610268384042247	
352	FT911-2635	120	0.8610268384042247	
352	FT911-4816	121	0.8610268384042247	
352	FT911-3726	122	0.8610268384042247	
352	FT911-4812	123	0.8610268384042247	
352	FT911-2634	124	0.8610268384042247	
352	FT911-3713	125	0.8610268384042247	
352	FT911-3710	126	0.8610268384042247	
352	FT911-2621	127	0.8610268384042247	
352	FT911-2622	128	0.8610268384042247	
352	FT911-705	129	0.8610268384042247	
352	FT911-3708	130	0.8610268384042247	
352	FT911-2853	131	0.8610268384042247	
352	FT911-3700	132	0.8610268384042247	
352	FT911-1760	133	0.8610268384042247	
352	FT911-510	134	0.8610268384042247	
352	FT911-3933	135	0.8610268384042247	
352	FT911-3929	136	0.8610268384042247	
352	FT911-3922	137	0.8610268384042247	
352	FT911-2835	138	0.8610268384042247	
352	FT911-2831	139	0.8610268384042247	
352	FT911-3921	140	0.8610268384042247	
352	FT911-2832	141	0.8610268384042247	
352	FT911-977	142	0.8610268384042247	
352	FT911-2828	143	0.8610268384042247	
352	FT911-506	144	0.8610268384042247	
352	FT911-1964	145	0.8610268384042247	
352	FT911-552	146	0.8610268384042247	
352	FT911-5098	147	0.8610268384042247	
352	FT911-530	148	0.8610268384042247	
352	FT911-535	149	0.8610268384042247	
352	FT911-540	150	0.8610268384042247	
352	FT911-5058	151	0.8610268384042247	
352	FT911-366	152	0.8610268384042247	
352	FT911-125	153	0.8610268384042247	
352	FT911-5027	154	0.8610268384042247	
352	FT911-335	155	0.8610268384042247	
352	FT911-338	156	0.8610268384042247	
352	FT911-3091	157	0.8610268384042247	
352	FT911-5019	158	0.8610268384042247	
352	FT911-3079	159	0.8610268384042247	
352	FT911-341	160	0.8610268384042247	
352	FT911-4177	161	0.8610268384042247	
352	FT911-5022	162	0.8610268384042247	
352	FT911-3191	163	0.8610268384042247	
352	FT911-3194	164	0.8610268384042247	
352	FT911-287	165	0.8610268384042247	
352	FT911-2095	166	0.8610268384042247	
352	FT911-4031	167	0.8610268384042247	
352	FT911-4033	168	0.8610268384042247	
352	FT911-2093	169	0.8610268384042247	
352	FT911-3157	170	0.8610268384042247	
352	FT911-3149	171	0.8610268384042247	
352	FT911-4479	172	0.8610268384042247	
352	FT911-3387	173	0.8610268384042247	
352	FT911-3393	174	0.8610268384042247	
352	FT911-5332	175	0.8610268384042247	
352	FT911-5319	176	0.8610268384042247	
352	FT911-4227	177	0.8610268384042247	
352	FT911-2046	178	0.8610268384042247	
352	FT911-2052	179	0.8610268384042247	
352	FT911-2054	180	0.8610268384042247	
352	FT911-2279	181	0.8610268384042247	
352	FT911-1194	182	0.8610268384042247	
352	FT911-2280	183	0.8610268384042247	
352	FT911-4447	184	0.8610268384042247	
352	FT911-4687	185	0.8610268384042247	
352	FT911-2267	186	0.8610268384042247	
352	FT911-2032	187	0.8610268384042247	
352	FT911-4438	188	0.8610268384042247	
352	FT911-2018	189	0.8610268384042247	
352	FT911-2014	190	0.8610268384042247	
352	FT911-1174	191	0.8610268384042247	
352	FT911-2005	192	0.8610268384042247	
352	FT911-4668	193	0.8610268384042247	
352	FT911-2484	194	0.8610268384042247	
352	FT911-4421	195	0.8610268384042247	
352	FT911-2002	196	0.8610268384042247	
352	FT911-4665	197	0.8610268384042247	
352	FT911-1384	198	0.8610268384042247	
352	FT911-4896	199	0.8610268384042247	
352	FT911-3322	200	0.8610268384042247	
352	FT911-2468	201	0.8610268384042247	
352	FT911-3312	202	0.8610268384042247	
352	FT911-4642	203	0.8610268384042247	
352	FT911-3561	204	0.8610268384042247	
352	FT911-2218	205	0.8610268384042247	
352	FT911-3786	206	0.8610268384042247	
352	FT911-2699	207	0.8610268384042247	
352	FT911-2451	208	0.8610268384042247	
352	FT911-2693	209	0.8610268384042247	
352	FT911-3783	210	0.8610268384042247	
352	FT911-2453	211	0.8610268384042247	
352	FT911-3785	212	0.8610268384042247	
352	FT911-3534	213	0.8610268384042247	
352	FT911-1114	214	0.8610268384042247	
352	FT911-3775	215	0.8610268384042247	
352	FT911-3535	216	0.8610268384042247	
352	FT911-3527	217	0.8610268384042247	
352	FT911-1576	218	0.8610268384042247	
352	FT911-902	219	0.8610268384042247	
352	FT911-1689	220	0.8610268384042247	
352	FT911-3867	221	0.8610268384042247	
352	FT911-3866	222	0.8610268384042247	
352	FT911-834	223	0.8610268384042247	
352	FT911-2767	224	0.8610268384042247	
352	FT911-4947	225	0.8610268384042247	
352	FT911-1674	226	0.8610268384042247	
352	FT911-2763	227	0.8610268384042247	
352	FT911-4701	228	0.8610268384042247	
352	FT911-842	229	0.8610268384042247	
352	FT911-2519	230	0.8610268384042247	
352	FT911-2514	231	0.8610268384042247	
352	FT911-3605	232	0.8610268384042247	
352	FT911-2991	233	0.8610268384042247	
352	FT911-1653	234	0.8610268384042247	
352	FT911-4914	235	0.8610268384042247	
352	FT911-635	236	0.8610268384042247	
352	FT911-3818	237	0.8610268384042247	
352	FT911-2968	238	0.8610268384042247	
352	FT911-1619	239	0.8610268384042247	
352	FT911-1856	240	0.8610268384042247	
352	FT911-1857	241	0.8610268384042247	
352	FT911-2700	242	0.8610268384042247	
352	FT911-1845	243	0.8610268384042247	
352	FT911-2934	244	0.8610268384042247	
352	FT911-2931	245	0.8610268384042247	
352	FT911-680	246	0.8610268384042247	
352	FT911-2929	247	0.8610268384042247	
352	FT911-2919	248	0.8610268384042247	
352	FT911-5189	249	0.8610268384042247	
352	FT911-241	250	0.8610268384042247	
352	FT911-4074	251	0.8610268384042247	
352	FT911-5153	252	0.8610268384042247	
352	FT911-4066	253	0.8610268384042247	
352	FT911-460	254	0.8610268384042247	
352	FT911-4053	255	0.8610268384042247	
352	FT911-4293	256	0.8610268384042247	
352	FT911-3923	257	0.8610268384042244	
352	FT911-91	258	0.8039532768831451	
352	FT911-3432	259	0.8039532768831451	
352	FT911-1768	260	0.8039532768831451	
352	FT911-5186	261	0.8039532768831451	
352	FT911-4067	262	0.7578468517315858	
352	FT911-2661	263	0.723278698935355	
352	FT911-3370	264	0.6451560617141101	
352	FT911-55	265	0.5085595181958797	
352	FT911-5249	266	0.5085595181958797	
352	FT911-46	267	0.5085595181958797	
352	FT911-5221	268	0.5085595181958797	
352	FT911-4372	269	0.5085595181958797	
352	FT911-3269	270	0.5085595181958797	
352	FT911-4103	271	0.5085595181958797	
352	FT911-4339	272	0.5085595181958797	
352	FT911-182	273	0.5085595181958797	
352	FT911-4328	274	0.5085595181958797	
352	FT911-4569	275	0.5085595181958797	
352	FT911-4321	276	0.5085595181958797	
352	FT911-2145	277	0.5085595181958797	
352	FT911-4798	278	0.5085595181958797	
352	FT911-4559	279	0.5085595181958797	
352	FT911-3459	280	0.5085595181958797	
352	FT911-2599	281	0.5085595181958797	
352	FT911-2116	282	0.5085595181958797	
352	FT911-4531	283	0.5085595181958797	
352	FT911-4769	284	0.5085595181958797	
352	FT911-1499	285	0.5085595181958797	
352	FT911-1003	286	0.5085595181958797	
352	FT911-2334	287	0.5085595181958797	
352	FT911-2572	288	0.5085595181958797	
352	FT911-1490	289	0.5085595181958797	
352	FT911-1491	290	0.5085595181958797	
352	FT911-2580	291	0.5085595181958797	
352	FT911-2581	292	0.5085595181958797	
352	FT911-2569	293	0.5085595181958797	
352	FT911-3414	294	0.5085595181958797	
352	FT911-2306	295	0.5085595181958797	
352	FT911-2549	296	0.5085595181958797	
352	FT911-3635	297	0.5085595181958797	
352	FT911-2540	298	0.5085595181958797	
352	FT911-4961	299	0.5085595181958797	
352	FT911-2644	300	0.5085595181958797	
352	FT911-3727	301	0.5085595181958797	
352	FT911-1529	302	0.5085595181958797	
352	FT911-1766	303	0.5085595181958797	
352	FT911-2616	304	0.5085595181958797	
352	FT911-3938	305	0.5085595181958797	
352	FT911-765	306	0.5085595181958797	
352	FT911-500	307	0.5085595181958797	
352	FT911-5096	308	0.5085595181958797	
352	FT911-1712	309	0.5085595181958797	
352	FT911-1930	310	0.5085595181958797	
352	FT911-787	311	0.5085595181958797	
352	FT911-306	312	0.5085595181958797	
352	FT911-351	313	0.5085595181958797	
352	FT911-369	314	0.5085595181958797	
352	FT911-4192	315	0.5085595181958797	
352	FT911-4195	316	0.5085595181958797	
352	FT911-5281	317	0.5085595181958797	
352	FT911-5015	318	0.5085595181958797	
352	FT911-5356	319	0.5085595181958797	
352	FT911-251	320	0.5085595181958797	
352	FT911-3169	321	0.5085595181958797	
352	FT911-253	322	0.5085595181958797	
352	FT911-495	323	0.5085595181958797	
352	FT911-3168	324	0.5085595181958797	
352	FT911-259	325	0.5085595181958797	
352	FT911-2082	326	0.5085595181958797	
352	FT911-4261	327	0.5085595181958797	
352	FT911-4009	328	0.5085595181958797	
352	FT911-5337	329	0.5085595181958797	
352	FT911-3165	330	0.5085595181958797	
352	FT911-3164	331	0.5085595181958797	
352	FT911-3369	332	0.5085595181958797	
352	FT911-4216	333	0.5085595181958797	
352	FT911-2281	334	0.5085595181958797	
352	FT911-2271	335	0.5085595181958797	
352	FT911-3109	336	0.5085595181958797	
352	FT911-3106	337	0.5085595181958797	
352	FT911-1135	338	0.5085595181958797	
352	FT911-4887	339	0.5085595181958797	
352	FT911-4636	340	0.5085595181958797	
352	FT911-1122	341	0.5085595181958797	
352	FT911-1370	342	0.5085595181958797	
352	FT911-3772	343	0.5085595181958797	
352	FT911-4620	344	0.5085595181958797	
352	FT911-3522	345	0.5085595181958797	
352	FT911-3767	346	0.5085595181958797	
352	FT911-1582	347	0.5085595181958797	
352	FT911-3521	348	0.5085595181958797	
352	FT911-900	349	0.5085595181958797	
352	FT911-1200	350	0.5085595181958797	
352	FT911-3858	351	0.5085595181958797	
352	FT911-1668	352	0.5085595181958797	
352	FT911-1663	353	0.5085595181958797	
352	FT911-1418	354	0.5085595181958797	
352	FT911-1400	355	0.5085595181958797	
352	FT911-2723	356	0.5085595181958797	
352	FT911-1872	357	0.5085595181958797	
352	FT911-2718	358	0.5085595181958797	
352	FT911-2951	359	0.5085595181958797	
352	FT911-853	360	0.5085595181958797	
352	FT911-1617	361	0.5085595181958797	
352	FT911-1	362	0.5085595181958797	
352	FT911-625	363	0.5085595181958797	
352	FT911-433	364	0.5085595181958797	
352	FT911-437	365	0.5085595181958797	
352	FT911-682	366	0.5085595181958797	
352	FT911-1828	367	0.5085595181958797	
352	FT911-413	368	0.5085595181958797	
352	FT911-5185	369	0.5085595181958797	
352	FT911-473	370	0.5085595181958797	
352	FT911-478	371	0.5085595181958797	
352	FT911-481	372	0.5085595181958797	
352	FT911-4057	373	0.5085595181958797	
352	FT911-4050	374	0.5085595181958797	
352	FT911-54	375	0.5085595181958796	
352	FT911-53	376	0.5085595181958796	
352	FT911-5248	377	0.5085595181958796	
352	FT911-397	378	0.5085595181958796	
352	FT911-5245	379	0.5085595181958796	
352	FT911-5246	380	0.5085595181958796	
352	FT911-156	381	0.5085595181958796	
352	FT911-4163	382	0.5085595181958796	
352	FT911-63	383	0.5085595181958796	
352	FT911-60	384	0.5085595181958796	
352	FT911-42	385	0.5085595181958796	
352	FT911-5239	386	0.5085595181958796	
352	FT911-48	387	0.5085595181958796	
352	FT911-165	388	0.5085595181958796	
352	FT911-3063	389	0.5085595181958796	
352	FT911-4397	390	0.5085595181958796	
352	FT911-78	391	0.5085595181958796	
352	FT911-371	392	0.5085595181958796	
352	FT911-75	393	0.5085595181958796	
352	FT911-3288	394	0.5085595181958796	
352	FT911-375	395	0.5085595181958796	
352	FT911-3289	396	0.5085595181958796	
352	FT911-4378	397	0.5085595181958796	
352	FT911-377	398	0.5085595181958796	
352	FT911-4384	399	0.5085595181958796	
352	FT911-134	400	0.5085595181958796	
352	FT911-376	401	0.5085595181958796	
352	FT911-4383	402	0.5085595181958796	
352	FT911-379	403	0.5085595181958796	
352	FT911-4385	404	0.5085595181958796	
352	FT911-139	405	0.5085595181958796	
352	FT911-4380	406	0.5085595181958796	
352	FT911-84	407	0.5085595181958796	
352	FT911-4382	408	0.5085595181958796	
352	FT911-3038	409	0.5085595181958796	
352	FT911-4127	410	0.5085595181958796	
352	FT911-382	411	0.5085595181958796	
352	FT911-381	412	0.5085595181958796	
352	FT911-4129	413	0.5085595181958796	
352	FT911-1098	414	0.5085595181958796	
352	FT911-4366	415	0.5085595181958796	
352	FT911-141	416	0.5085595181958796	
352	FT911-3276	417	0.5085595181958796	
352	FT911-144	418	0.5085595181958796	
352	FT911-3278	419	0.5085595181958796	
352	FT911-4125	420	0.5085595181958796	
352	FT911-2195	421	0.5085595181958796	
352	FT911-2196	422	0.5085595181958796	
352	FT911-389	423	0.5085595181958796	
352	FT911-2197	424	0.5085595181958796	
352	FT911-4132	425	0.5085595181958796	
352	FT911-4374	426	0.5085595181958796	
352	FT911-3280	427	0.5085595181958796	
352	FT911-4117	428	0.5085595181958796	
352	FT911-4116	429	0.5085595181958796	
352	FT911-4119	430	0.5085595181958796	
352	FT911-97	431	0.5085595181958796	
352	FT911-4118	432	0.5085595181958796	
352	FT911-3024	433	0.5085595181958796	
352	FT911-3265	434	0.5085595181958796	
352	FT911-4112	435	0.5085595181958796	
352	FT911-199	436	0.5085595181958796	
352	FT911-1089	437	0.5085595181958796	
352	FT911-4599	438	0.5085595181958796	
352	FT911-2179	439	0.5085595181958796	
352	FT911-4114	440	0.5085595181958796	
352	FT911-2183	441	0.5085595181958796	
352	FT911-3273	442	0.5085595181958796	
352	FT911-4120	443	0.5085595181958796	
352	FT911-2185	444	0.5085595181958796	
352	FT911-1091	445	0.5085595181958796	
352	FT911-2180	446	0.5085595181958796	
352	FT911-3017	447	0.5085595181958796	
352	FT911-4348	448	0.5085595181958796	
352	FT911-4589	449	0.5085595181958796	
352	FT911-3019	450	0.5085595181958796	
352	FT911-4344	451	0.5085595181958796	
352	FT911-1077	452	0.5085595181958796	
352	FT911-2166	453	0.5085595181958796	
352	FT911-3254	454	0.5085595181958796	
352	FT911-4104	455	0.5085595181958796	
352	FT911-1079	456	0.5085595181958796	
352	FT911-4345	457	0.5085595181958796	
352	FT911-3020	458	0.5085595181958796	
352	FT911-1084	459	0.5085595181958796	
352	FT911-4595	460	0.5085595181958796	
352	FT911-4352	461	0.5085595181958796	
352	FT911-95	462	0.5085595181958796	
352	FT911-4591	463	0.5085595181958796	
352	FT911-3009	464	0.5085595181958796	
352	FT911-4579	465	0.5085595181958796	
352	FT911-3249	466	0.5085595181958796	
352	FT911-1065	467	0.5085595181958796	
352	FT911-2154	468	0.5085595181958796	
352	FT911-3243	469	0.5085595181958796	
352	FT911-1067	470	0.5085595181958796	
352	FT911-4582	471	0.5085595181958796	
352	FT911-3253	472	0.5085595181958796	
352	FT911-4342	473	0.5085595181958796	
352	FT911-2164	474	0.5085595181958796	
352	FT911-2389	475	0.5085595181958796	
352	FT911-3236	476	0.5085595181958796	
352	FT911-1296	477	0.5085595181958796	
352	FT911-3233	478	0.5085595181958796	
352	FT911-4564	479	0.5085595181958796	
352	FT911-2144	480	0.5085595181958796	
352	FT911-3232	481	0.5085595181958796	
352	FT911-188	482	0.5085595181958796	
352	FT911-2387	483	0.5085595181958796	
352	FT911-2388	484	0.5085595181958796	
352	FT911-4571	485	0.5085595181958796	
352	FT911-2152	486	0.5085595181958796	
352	FT911-2391	487	0.5085595181958796	
352	FT911-3229	488	0.5085595181958796	
352	FT911-4315	489	0.5085595181958796	
352	FT911-4314	490	0.5085595181958796	
352	FT911-2138	491	0.5085595181958796	
352	FT911-1043	492	0.5085595181958796	
352	FT911-4311	493	0.5085595181958796	
352	FT911-2375	494	0.5085595181958796	
352	FT911-4310	495	0.5085595181958796	
352	FT911-1287	496	0.5085595181958796	
352	FT911-2376	497	0.5085595181958796	
352	FT911-2383	498	0.5085595181958796	
352	FT911-3230	499	0.5085595181958796	
352	FT911-2380	500	0.5085595181958796	
352	FT911-2125	501	0.5085595181958796	
352	FT911-2126	502	0.5085595181958796	
352	FT911-3458	503	0.5085595181958796	
352	FT911-1275	504	0.5085595181958796	
352	FT911-4783	505	0.5085595181958796	
352	FT911-4791	506	0.5085595181958796	
352	FT911-2371	507	0.5085595181958796	
352	FT911-4790	508	0.5085595181958796	
352	FT911-3462	509	0.5085595181958796	
352	FT911-1042	510	0.5085595181958796	
352	FT911-2373	511	0.5085595181958796	
352	FT911-2118	512	0.5085595181958796	
352	FT911-3449	513	0.5085595181958796	
352	FT911-2114	514	0.5085595181958796	
352	FT911-3688	515	0.5085595181958796	
352	FT911-4776	516	0.5085595181958796	
352	FT911-4778	517	0.5085595181958796	
352	FT911-4772	518	0.5085595181958796	
352	FT911-4775	519	0.5085595181958796	
352	FT911-1266	520	0.5085595181958796	
352	FT911-1031	521	0.5085595181958796	
352	FT911-3692	522	0.5085595181958796	
352	FT911-2107	523	0.5085595181958796	
352	FT911-2349	524	0.5085595181958796	
352	FT911-4520	525	0.5085595181958796	
352	FT911-4762	526	0.5085595181958796	
352	FT911-2584	527	0.5085595181958796	
352	FT911-2343	528	0.5085595181958796	
352	FT911-3433	529	0.5085595181958796	
352	FT911-1260	530	0.5085595181958796	
352	FT911-1261	531	0.5085595181958796	
352	FT911-3681	532	0.5085595181958796	
352	FT911-4516	533	0.5085595181958796	
352	FT911-1487	534	0.5085595181958796	
352	FT911-2576	535	0.5085595181958796	
352	FT911-4513	536	0.5085595181958796	
352	FT911-1247	537	0.5085595181958796	
352	FT911-3662	538	0.5085595181958796	
352	FT911-3661	539	0.5085595181958796	
352	FT911-2332	540	0.5085595181958796	
352	FT911-1002	541	0.5085595181958796	
352	FT911-1486	542	0.5085595181958796	
352	FT911-3417	543	0.5085595181958796	
352	FT911-4747	544	0.5085595181958796	
352	FT911-4744	545	0.5085595181958796	
352	FT911-1477	546	0.5085595181958796	
352	FT911-1478	547	0.5085595181958796	
352	FT911-3415	548	0.5085595181958796	
352	FT911-2568	549	0.5085595181958796	
352	FT911-1230	550	0.5085595181958796	
352	FT911-3651	551	0.5085595181958796	
352	FT911-1474	552	0.5085595181958796	
352	FT911-3895	553	0.5085595181958796	
352	FT911-2570	554	0.5085595181958796	
352	FT911-1482	555	0.5085595181958796	
352	FT911-801	556	0.5085595181958796	
352	FT911-802	557	0.5085595181958796	
352	FT911-805	558	0.5085595181958796	
352	FT911-807	559	0.5085595181958796	
352	FT911-806	560	0.5085595181958796	
352	FT911-2796	561	0.5085595181958796	
352	FT911-3886	562	0.5085595181958796	
352	FT911-3401	563	0.5085595181958796	
352	FT911-3643	564	0.5085595181958796	
352	FT911-2798	565	0.5085595181958796	
352	FT911-4735	566	0.5085595181958796	
352	FT911-3403	567	0.5085595181958796	
352	FT911-3887	568	0.5085595181958796	
352	FT911-4734	569	0.5085595181958796	
352	FT911-2792	570	0.5085595181958796	
352	FT911-2551	571	0.5085595181958796	
352	FT911-2552	572	0.5085595181958796	
352	FT911-2795	573	0.5085595181958796	
352	FT911-3891	574	0.5085595181958796	
352	FT911-4980	575	0.5085595181958796	
352	FT911-4967	576	0.5085595181958796	
352	FT911-1218	577	0.5085595181958796	
352	FT911-4727	578	0.5085595181958796	
352	FT911-2785	579	0.5085595181958796	
352	FT911-2786	580	0.5085595181958796	
352	FT911-3632	581	0.5085595181958796	
352	FT911-1699	582	0.5085595181958796	
352	FT911-4723	583	0.5085595181958796	
352	FT911-1210	584	0.5085595181958796	
352	FT911-1694	585	0.5085595181958796	
352	FT911-4720	586	0.5085595181958796	
352	FT911-4962	587	0.5085595181958796	
352	FT911-1695	588	0.5085595181958796	
352	FT911-3630	589	0.5085595181958796	
352	FT911-2790	590	0.5085595181958796	
352	FT911-3509	591	0.5085595181958796	
352	FT911-2415	592	0.5085595181958796	
352	FT911-4836	593	0.5085595181958796	
352	FT911-3746	594	0.5085595181958796	
352	FT911-4835	595	0.5085595181958796	
352	FT911-3985	596	0.5085595181958796	
352	FT911-2654	597	0.5085595181958796	
352	FT911-2896	598	0.5085595181958796	
352	FT911-1566	599	0.5085595181958796	
352	FT911-3745	600	0.5085595181958796	
352	FT911-1325	601	0.5085595181958796	
352	FT911-1567	602	0.5085595181958796	
352	FT911-3986	603	0.5085595181958796	
352	FT911-3981	604	0.5085595181958796	
352	FT911-3741	605	0.5085595181958796	
352	FT911-3739	606	0.5085595181958796	
352	FT911-1315	607	0.5085595181958796	
352	FT911-2405	608	0.5085595181958796	
352	FT911-3977	609	0.5085595181958796	
352	FT911-2648	610	0.5085595181958796	
352	FT911-1318	611	0.5085595181958796	
352	FT911-1553	612	0.5085595181958796	
352	FT911-3731	613	0.5085595181958796	
352	FT911-3973	614	0.5085595181958796	
352	FT911-1555	615	0.5085595181958796	
352	FT911-3976	616	0.5085595181958796	
352	FT911-1314	617	0.5085595181958796	
352	FT911-2645	618	0.5085595181958796	
352	FT911-3733	619	0.5085595181958796	
352	FT911-3975	620	0.5085595181958796	
352	FT911-1550	621	0.5085595181958796	
352	FT911-2882	622	0.5085595181958796	
352	FT911-3972	623	0.5085595181958796	
352	FT911-968	624	0.5085595181958796	
352	FT911-2639	625	0.5085595181958796	
352	FT911-3724	626	0.5085595181958796	
352	FT911-3966	627	0.5085595181958796	
352	FT911-1307	628	0.5085595181958796	
352	FT911-3968	629	0.5085595181958796	
352	FT911-2874	630	0.5085595181958796	
352	FT911-2876	631	0.5085595181958796	
352	FT911-1781	632	0.5085595181958796	
352	FT911-3960	633	0.5085595181958796	
352	FT911-1790	634	0.5085595181958796	
352	FT911-932	635	0.5085595181958796	
352	FT911-1539	636	0.5085595181958796	
352	FT911-3718	637	0.5085595181958796	
352	FT911-2866	638	0.5085595181958796	
352	FT911-3956	639	0.5085595181958796	
352	FT911-1538	640	0.5085595181958796	
352	FT911-1773	641	0.5085595181958796	
352	FT911-1774	642	0.5085595181958796	
352	FT911-3951	643	0.5085595181958796	
352	FT911-2864	644	0.5085595181958796	
352	FT911-4800	645	0.5085595181958796	
352	FT911-1771	646	0.5085595181958796	
352	FT911-2617	647	0.5085595181958796	
352	FT911-3949	648	0.5085595181958796	
352	FT911-2618	649	0.5085595181958796	
352	FT911-3948	650	0.5085595181958796	
352	FT911-2858	651	0.5085595181958796	
352	FT911-750	652	0.5085595181958796	
352	FT911-992	653	0.5085595181958796	
352	FT911-753	654	0.5085595181958796	
352	FT911-994	655	0.5085595181958796	
352	FT911-755	656	0.5085595181958796	
352	FT911-1518	657	0.5085595181958796	
352	FT911-1519	658	0.5085595181958796	
352	FT911-2602	659	0.5085595181958796	
352	FT911-3932	660	0.5085595181958796	
352	FT911-1512	661	0.5085595181958796	
352	FT911-2843	662	0.5085595181958796	
352	FT911-760	663	0.5085595181958796	
352	FT911-520	664	0.5085595181958796	
352	FT911-521	665	0.5085595181958796	
352	FT911-766	666	0.5085595181958796	
352	FT911-1508	667	0.5085595181958796	
352	FT911-1509	668	0.5085595181958796	
352	FT911-1502	669	0.5085595181958796	
352	FT911-1986	670	0.5085595181958796	
352	FT911-1503	671	0.5085595181958796	
352	FT911-1982	672	0.5085595181958796	
352	FT911-1500	673	0.5085595181958796	
352	FT911-1984	674	0.5085595181958796	
352	FT911-1501	675	0.5085595181958796	
352	FT911-976	676	0.5085595181958796	
352	FT911-736	677	0.5085595181958796	
352	FT911-738	678	0.5085595181958796	
352	FT911-3915	679	0.5085595181958796	
352	FT911-3918	680	0.5085595181958796	
352	FT911-2829	681	0.5085595181958796	
352	FT911-3912	682	0.5085595181958796	
352	FT911-1971	683	0.5085595181958796	
352	FT911-982	684	0.5085595181958796	
352	FT911-504	685	0.5085595181958796	
352	FT911-746	686	0.5085595181958796	
352	FT911-3905	687	0.5085595181958796	
352	FT911-2818	688	0.5085595181958796	
352	FT911-791	689	0.5085595181958796	
352	FT911-795	690	0.5085595181958796	
352	FT911-555	691	0.5085595181958796	
352	FT911-798	692	0.5085595181958796	
352	FT911-559	693	0.5085595181958796	
352	FT911-5091	694	0.5085595181958796	
352	FT911-2819	695	0.5085595181958796	
352	FT911-3908	696	0.5085595181958796	
352	FT911-1715	697	0.5085595181958796	
352	FT911-1958	698	0.5085595181958796	
352	FT911-2800	699	0.5085595181958796	
352	FT911-2801	700	0.5085595181958796	
352	FT911-563	701	0.5085595181958796	
352	FT911-565	702	0.5085595181958796	
352	FT911-5085	703	0.5085595181958796	
352	FT911-5080	704	0.5085595181958796	
352	FT911-1949	705	0.5085595181958796	
352	FT911-1943	706	0.5085595181958796	
352	FT911-1944	707	0.5085595181958796	
352	FT911-1941	708	0.5085595181958796	
352	FT911-5069	709	0.5085595181958796	
352	FT911-5079	710	0.5085595181958796	
352	FT911-533	711	0.5085595181958796	
352	FT911-5076	712	0.5085595181958796	
352	FT911-5077	713	0.5085595181958796	
352	FT911-5074	714	0.5085595181958796	
352	FT911-537	715	0.5085595181958796	
352	FT911-5072	716	0.5085595181958796	
352	FT911-1934	717	0.5085595181958796	
352	FT911-783	718	0.5085595181958796	
352	FT911-788	719	0.5085595181958796	
352	FT911-5063	720	0.5085595181958796	
352	FT911-789	721	0.5085595181958796	
352	FT911-307	722	0.5085595181958796	
352	FT911-1925	723	0.5085595181958796	
352	FT911-1926	724	0.5085595181958796	
352	FT911-1921	725	0.5085595181958796	
352	FT911-5049	726	0.5085595181958796	
352	FT911-352	727	0.5085595181958796	
352	FT911-115	728	0.5085595181958796	
352	FT911-5054	729	0.5085595181958796	
352	FT911-5294	730	0.5085595181958796	
352	FT911-5053	731	0.5085595181958796	
352	FT911-5295	732	0.5085595181958796	
352	FT911-1912	733	0.5085595181958796	
352	FT911-5038	734	0.5085595181958796	
352	FT911-4189	735	0.5085595181958796	
352	FT911-5036	736	0.5085595181958796	
352	FT911-5278	737	0.5085595181958796	
352	FT911-4199	738	0.5085595181958796	
352	FT911-367	739	0.5085595181958796	
352	FT911-4193	740	0.5085595181958796	
352	FT911-5040	741	0.5085595181958796	
352	FT911-1918	742	0.5085595181958796	
352	FT911-1919	743	0.5085595181958796	
352	FT911-1901	744	0.5085595181958796	
352	FT911-5269	745	0.5085595181958796	
352	FT911-4178	746	0.5085595181958796	
352	FT911-331	747	0.5085595181958796	
352	FT911-4188	748	0.5085595181958796	
352	FT911-5033	749	0.5085595181958796	
352	FT911-5275	750	0.5085595181958796	
352	FT911-5273	751	0.5085595181958796	
352	FT911-3095	752	0.5085595181958796	
352	FT911-5270	753	0.5085595181958796	
352	FT911-4168	754	0.5085595181958796	
352	FT911-584	755	0.5085595181958796	
352	FT911-586	756	0.5085595181958796	
352	FT911-5265	757	0.5085595181958796	
352	FT911-585	758	0.5085595181958796	
352	FT911-5024	759	0.5085595181958796	
352	FT911-346	760	0.5085595181958796	
352	FT911-4176	761	0.5085595181958796	
352	FT911-5264	762	0.5085595181958796	
352	FT911-106	763	0.5085595181958796	
352	FT911-348	764	0.5085595181958796	
352	FT911-5261	765	0.5085595181958796	
352	FT911-105	766	0.5085595181958796	
352	FT911-4172	767	0.5085595181958796	
352	FT911-274	768	0.5085595181958796	
352	FT911-4036	769	0.5085595181958796	
352	FT911-273	770	0.5085595181958796	
352	FT911-277	771	0.5085595181958796	
352	FT911-279	772	0.5085595181958796	
352	FT911-4044	773	0.5085595181958796	
352	FT911-5130	774	0.5085595181958796	
352	FT911-281	775	0.5085595181958796	
352	FT911-285	776	0.5085595181958796	
352	FT911-5357	777	0.5085595181958796	
352	FT911-284	778	0.5085595181958796	
352	FT911-289	779	0.5085595181958796	
352	FT911-3187	780	0.5085595181958796	
352	FT911-3186	781	0.5085595181958796	
352	FT911-4270	782	0.5085595181958796	
352	FT911-490	783	0.5085595181958796	
352	FT911-4017	784	0.5085595181958796	
352	FT911-4019	785	0.5085595181958796	
352	FT911-5349	786	0.5085595181958796	
352	FT911-252	787	0.5085595181958796	
352	FT911-3166	788	0.5085595181958796	
352	FT911-4013	789	0.5085595181958796	
352	FT911-4016	790	0.5085595181958796	
352	FT911-4258	791	0.5085595181958796	
352	FT911-4015	792	0.5085595181958796	
352	FT911-5345	793	0.5085595181958796	
352	FT911-256	794	0.5085595181958796	
352	FT911-5353	795	0.5085595181958796	
352	FT911-255	796	0.5085595181958796	
352	FT911-499	797	0.5085595181958796	
352	FT911-2087	798	0.5085595181958796	
352	FT911-5352	799	0.5085595181958796	
352	FT911-3170	800	0.5085595181958796	
352	FT911-4007	801	0.5085595181958796	
352	FT911-3159	802	0.5085595181958796	
352	FT911-2066	803	0.5085595181958796	
352	FT911-4003	804	0.5085595181958796	
352	FT911-4487	805	0.5085595181958796	
352	FT911-265	806	0.5085595181958796	
352	FT911-4247	807	0.5085595181958796	
352	FT911-4010	808	0.5085595181958796	
352	FT911-5342	809	0.5085595181958796	
352	FT911-4251	810	0.5085595181958796	
352	FT911-5101	811	0.5085595181958796	
352	FT911-5343	812	0.5085595181958796	
352	FT911-5340	813	0.5085595181958796	
352	FT911-4011	814	0.5085595181958796	
352	FT911-5341	815	0.5085595181958796	
352	FT911-4239	816	0.5085595181958796	
352	FT911-3144	817	0.5085595181958796	
352	FT911-5323	818	0.5085595181958796	
352	FT911-2062	819	0.5085595181958796	
352	FT911-3152	820	0.5085595181958796	
352	FT911-3154	821	0.5085595181958796	
352	FT911-4001	822	0.5085595181958796	
352	FT911-3395	823	0.5085595181958796	
352	FT911-2060	824	0.5085595181958796	
352	FT911-4480	825	0.5085595181958796	
352	FT911-2048	826	0.5085595181958796	
352	FT911-4469	827	0.5085595181958796	
352	FT911-3379	828	0.5085595181958796	
352	FT911-2286	829	0.5085595181958796	
352	FT911-3134	830	0.5085595181958796	
352	FT911-4223	831	0.5085595181958796	
352	FT911-1198	832	0.5085595181958796	
352	FT911-3133	833	0.5085595181958796	
352	FT911-1199	834	0.5085595181958796	
352	FT911-4225	835	0.5085595181958796	
352	FT911-2289	836	0.5085595181958796	
352	FT911-3135	837	0.5085595181958796	
352	FT911-3385	838	0.5085595181958796	
352	FT911-2290	839	0.5085595181958796	
352	FT911-2292	840	0.5085595181958796	
352	FT911-4458	841	0.5085595181958796	
352	FT911-3367	842	0.5085595181958796	
352	FT911-2040	843	0.5085595181958796	
352	FT911-3372	844	0.5085595181958796	
352	FT911-2041	845	0.5085595181958796	
352	FT911-3371	846	0.5085595181958796	
352	FT911-2042	847	0.5085595181958796	
352	FT911-2284	848	0.5085595181958796	
352	FT911-3132	849	0.5085595181958796	
352	FT911-3373	850	0.5085595181958796	
352	FT911-1192	851	0.5085595181958796	
352	FT911-3119	852	0.5085595181958796	
352	FT911-3358	853	0.5085595181958796	
352	FT911-2028	854	0.5085595181958796	
352	FT911-4207	855	0.5085595181958796	
352	FT911-2029	856	0.5085595181958796	
352	FT911-3354	857	0.5085595181958796	
352	FT911-3595	858	0.5085595181958796	
352	FT911-4202	859	0.5085595181958796	
352	FT911-3361	860	0.5085595181958796	
352	FT911-3360	861	0.5085595181958796	
352	FT911-2273	862	0.5085595181958796	
352	FT911-2274	863	0.5085595181958796	
352	FT911-2270	864	0.5085595181958796	
352	FT911-2015	865	0.5085595181958796	
352	FT911-3104	866	0.5085595181958796	
352	FT911-3349	867	0.5085595181958796	
352	FT911-3100	868	0.5085595181958796	
352	FT911-3587	869	0.5085595181958796	
352	FT911-3344	870	0.5085595181958796	
352	FT911-2260	871	0.5085595181958796	
352	FT911-3339	872	0.5085595181958796	
352	FT911-3332	873	0.5085595181958796	
352	FT911-2244	874	0.5085595181958796	
352	FT911-3581	875	0.5085595181958796	
352	FT911-4656	876	0.5085595181958796	
352	FT911-1148	877	0.5085595181958796	
352	FT911-4658	878	0.5085595181958796	
352	FT911-2473	879	0.5085595181958796	
352	FT911-3562	880	0.5085595181958796	
352	FT911-4651	881	0.5085595181958796	
352	FT911-4654	882	0.5085595181958796	
352	FT911-1378	883	0.5085595181958796	
352	FT911-1379	884	0.5085595181958796	
352	FT911-4889	885	0.5085595181958796	
352	FT911-2469	886	0.5085595181958796	
352	FT911-4888	887	0.5085595181958796	
352	FT911-1373	888	0.5085595181958796	
352	FT911-1374	889	0.5085595181958796	
352	FT911-4640	890	0.5085595181958796	
352	FT911-2222	891	0.5085595181958796	
352	FT911-3796	892	0.5085595181958796	
352	FT911-4643	893	0.5085595181958796	
352	FT911-1134	894	0.5085595181958796	
352	FT911-2223	895	0.5085595181958796	
352	FT911-4890	896	0.5085595181958796	
352	FT911-2459	897	0.5085595181958796	
352	FT911-4638	898	0.5085595181958796	
352	FT911-4637	899	0.5085595181958796	
352	FT911-1124	900	0.5085595181958796	
352	FT911-3545	901	0.5085595181958796	
352	FT911-3302	902	0.5085595181958796	
352	FT911-3546	903	0.5085595181958796	
352	FT911-1362	904	0.5085595181958796	
352	FT911-3540	905	0.5085595181958796	
352	FT911-3542	906	0.5085595181958796	
352	FT911-2460	907	0.5085595181958796	
352	FT911-1372	908	0.5085595181958796	
352	FT911-2461	909	0.5085595181958796	
352	FT911-3791	910	0.5085595181958796	
352	FT911-916	911	0.5085595181958796	
352	FT911-2206	912	0.5085595181958796	
352	FT911-1118	913	0.5085595181958796	
352	FT911-1598	914	0.5085595181958796	
352	FT911-2204	915	0.5085595181958796	
352	FT911-2205	916	0.5085595181958796	
352	FT911-2447	917	0.5085595181958796	
352	FT911-1352	918	0.5085595181958796	
352	FT911-4860	919	0.5085595181958796	
352	FT911-1353	920	0.5085595181958796	
352	FT911-1596	921	0.5085595181958796	
352	FT911-2201	922	0.5085595181958796	
352	FT911-3531	923	0.5085595181958796	
352	FT911-4862	924	0.5085595181958796	
352	FT911-1360	925	0.5085595181958796	
352	FT911-924	926	0.5085595181958796	
352	FT911-925	927	0.5085595181958796	
352	FT911-4858	928	0.5085595181958796	
352	FT911-4859	929	0.5085595181958796	
352	FT911-1102	930	0.5085595181958796	
352	FT911-1344	931	0.5085595181958796	
352	FT911-4612	932	0.5085595181958796	
352	FT911-1587	933	0.5085595181958796	
352	FT911-1104	934	0.5085595181958796	
352	FT911-3525	935	0.5085595181958796	
352	FT911-4856	936	0.5085595181958796	
352	FT911-3761	937	0.5085595181958796	
352	FT911-4850	938	0.5085595181958796	
352	FT911-2672	939	0.5085595181958796	
352	FT911-4608	940	0.5085595181958796	
352	FT911-1337	941	0.5085595181958796	
352	FT911-3758	942	0.5085595181958796	
352	FT911-2669	943	0.5085595181958796	
352	FT911-4606	944	0.5085595181958796	
352	FT911-1575	945	0.5085595181958796	
352	FT911-4601	946	0.5085595181958796	
352	FT911-2423	947	0.5085595181958796	
352	FT911-3753	948	0.5085595181958796	
352	FT911-1578	949	0.5085595181958796	
352	FT911-2660	950	0.5085595181958796	
352	FT911-1573	951	0.5085595181958796	
352	FT911-3510	952	0.5085595181958796	
352	FT911-4841	953	0.5085595181958796	
352	FT911-3751	954	0.5085595181958796	
352	FT911-1581	955	0.5085595181958796	
352	FT911-908	956	0.5085595181958796	
352	FT911-3868	957	0.5085595181958796	
352	FT911-2779	958	0.5085595181958796	
352	FT911-1207	959	0.5085595181958796	
352	FT911-2539	960	0.5085595181958796	
352	FT911-4958	961	0.5085595181958796	
352	FT911-1201	962	0.5085595181958796	
352	FT911-2774	963	0.5085595181958796	
352	FT911-3864	964	0.5085595181958796	
352	FT911-4711	965	0.5085595181958796	
352	FT911-1444	966	0.5085595181958796	
352	FT911-1681	967	0.5085595181958796	
352	FT911-1682	968	0.5085595181958796	
352	FT911-2530	969	0.5085595181958796	
352	FT911-2772	970	0.5085595181958796	
352	FT911-4951	971	0.5085595181958796	
352	FT911-1691	972	0.5085595181958796	
352	FT911-4949	973	0.5085595181958796	
352	FT911-4946	974	0.5085595181958796	
352	FT911-1437	975	0.5085595181958796	
352	FT911-1438	976	0.5085595181958796	
352	FT911-4948	977	0.5085595181958796	
352	FT911-2528	978	0.5085595181958796	
352	FT911-1432	979	0.5085595181958796	
352	FT911-2521	980	0.5085595181958796	
352	FT911-3853	981	0.5085595181958796	
352	FT911-4942	982	0.5085595181958796	
352	FT911-1675	983	0.5085595181958796	
352	FT911-2522	984	0.5085595181958796	
352	FT911-4944	985	0.5085595181958796	
352	FT911-1671	986	0.5085595181958796	
352	FT911-1673	987	0.5085595181958796	
352	FT911-2520	988	0.5085595181958796	
352	FT911-3850	989	0.5085595181958796	
352	FT911-601	990	0.5085595181958796	
352	FT911-845	991	0.5085595181958796	
352	FT911-847	992	0.5085595181958796	
352	FT911-606	993	0.5085595181958796	
352	FT911-608	994	0.5085595181958796	
352	FT911-2518	995	0.5085595181958796	
352	FT911-3607	996	0.5085595181958796	
352	FT911-1427	997	0.5085595181958796	
352	FT911-3606	998	0.5085595181958796	
352	FT911-4937	999	0.5085595181958796	
352	FT911-2510	1000	0.5085595181958796	
352	FT911-2994	1001	0.5085595181958796	
352	FT911-1664	1002	0.5085595181958796	
352	FT911-4930	1003	0.5085595181958796	
352	FT911-2996	1004	0.5085595181958796	
352	FT911-1666	1005	0.5085595181958796	
352	FT911-2750	1006	0.5085595181958796	
352	FT911-2992	1007	0.5085595181958796	
352	FT911-2751	1008	0.5085595181958796	
352	FT911-4928	1009	0.5085595181958796	
352	FT911-4929	1010	0.5085595181958796	
352	FT911-2989	1011	0.5085595181958796	
352	FT911-1652	1012	0.5085595181958796	
352	FT911-2741	1013	0.5085595181958796	
352	FT911-2742	1014	0.5085595181958796	
352	FT911-2984	1015	0.5085595181958796	
352	FT911-2985	1016	0.5085595181958796	
352	FT911-3833	1017	0.5085595181958796	
352	FT911-1892	1018	0.5085595181958796	
352	FT911-2981	1019	0.5085595181958796	
352	FT911-2740	1020	0.5085595181958796	
352	FT911-821	1021	0.5085595181958796	
352	FT911-828	1022	0.5085595181958796	
352	FT911-4919	1023	0.5085595181958796	
352	FT911-1888	1024	0.5085595181958796	
352	FT911-1406	1025	0.5085595181958796	
352	FT911-1885	1026	0.5085595181958796	
352	FT911-1880	1027	0.5085595181958796	
352	FT911-870	1028	0.5085595181958796	
352	FT911-2970	1029	0.5085595181958796	
352	FT911-1882	1030	0.5085595181958796	
352	FT911-2971	1031	0.5085595181958796	
352	FT911-872	1032	0.5085595181958796	
352	FT911-632	1033	0.5085595181958796	
352	FT911-875	1034	0.5085595181958796	
352	FT911-1634	1035	0.5085595181958796	
352	FT911-2725	1036	0.5085595181958796	
352	FT911-1879	1037	0.5085595181958796	
352	FT911-4903	1038	0.5085595181958796	
352	FT911-2720	1039	0.5085595181958796	
352	FT911-2962	1040	0.5085595181958796	
352	FT911-2722	1041	0.5085595181958796	
352	FT911-401	1042	0.5085595181958796	
352	FT911-400	1043	0.5085595181958796	
352	FT911-1869	1044	0.5085595181958796	
352	FT911-1629	1045	0.5085595181958796	
352	FT911-2954	1046	0.5085595181958796	
352	FT911-2956	1047	0.5085595181958796	
352	FT911-1868	1048	0.5085595181958796	
352	FT911-1863	1049	0.5085595181958796	
352	FT911-2952	1050	0.5085595181958796	
352	FT911-2711	1051	0.5085595181958796	
352	FT911-851	1052	0.5085595181958796	
352	FT911-854	1053	0.5085595181958796	
352	FT911-614	1054	0.5085595181958796	
352	FT911-613	1055	0.5085595181958796	
352	FT911-857	1056	0.5085595181958796	
352	FT911-859	1057	0.5085595181958796	
352	FT911-619	1058	0.5085595181958796	
352	FT911-2949	1059	0.5085595181958796	
352	FT911-1614	1060	0.5085595181958796	
352	FT911-1615	1061	0.5085595181958796	
352	FT911-2942	1062	0.5085595181958796	
352	FT911-865	1063	0.5085595181958796	
352	FT911-624	1064	0.5085595181958796	
352	FT911-628	1065	0.5085595181958796	
352	FT911-2936	1066	0.5085595181958796	
352	FT911-435	1067	0.5085595181958796	
352	FT911-438	1068	0.5085595181958796	
352	FT911-679	1069	0.5085595181958796	
352	FT911-1831	1070	0.5085595181958796	
352	FT911-440	1071	0.5085595181958796	
352	FT911-208	1072	0.5085595181958796	
352	FT911-2915	1073	0.5085595181958796	
352	FT911-2916	1074	0.5085595181958796	
352	FT911-650	1075	0.5085595181958796	
352	FT911-654	1076	0.5085595181958796	
352	FT911-655	1077	0.5085595181958796	
352	FT911-5196	1078	0.5085595181958796	
352	FT911-658	1079	0.5085595181958796	
352	FT911-5191	1080	0.5085595181958796	
352	FT911-659	1081	0.5085595181958796	
352	FT911-5192	1082	0.5085595181958796	
352	FT911-419	1083	0.5085595181958796	
352	FT911-661	1084	0.5085595181958796	
352	FT911-660	1085	0.5085595181958796	
352	FT911-663	1086	0.5085595181958796	
352	FT911-5188	1087	0.5085595181958796	
352	FT911-420	1088	0.5085595181958796	
352	FT911-664	1089	0.5085595181958796	
352	FT911-4096	1090	0.5085595181958796	
352	FT911-5182	1091	0.5085595181958796	
352	FT911-429	1092	0.5085595181958796	
352	FT911-5180	1093	0.5085595181958796	
352	FT911-4092	1094	0.5085595181958796	
352	FT911-1804	1095	0.5085595181958796	
352	FT911-470	1096	0.5085595181958796	
352	FT911-476	1097	0.5085595181958796	
352	FT911-5177	1098	0.5085595181958796	
352	FT911-5178	1099	0.5085595181958796	
352	FT911-4089	1100	0.5085595181958796	
352	FT911-477	1101	0.5085595181958796	
352	FT911-4088	1102	0.5085595181958796	
352	FT911-480	1103	0.5085595181958796	
352	FT911-482	1104	0.5085595181958796	
352	FT911-485	1105	0.5085595181958796	
352	FT911-4076	1106	0.5085595181958796	
352	FT911-5160	1107	0.5085595181958796	
352	FT911-5156	1108	0.5085595181958796	
352	FT911-213	1109	0.5085595181958796	
352	FT911-458	1110	0.5085595181958796	
352	FT911-4060	1111	0.5085595181958796	
352	FT911-4048	1112	0.5085595181958796	
352	FT911-5143	1113	0.5085595181958796	
353	FT911-558	1	1.0	
353	FT911-4348	2	1.0	
353	FT911-4349	3	0.970269901624851	
353	FT911-4151	4	0.8635514756868832	
353	FT911-5079	5	0.8635514756868832	
353	FT911-4261	6	0.8635514756868832	
353	FT911-122	7	0.8635514756868832	
353	FT911-1769	8	0.8635514756868831	
353	FT911-4318	9	0.5042606953144438	
353	FT911-1207	10	0.5042606953144438	
353	FT911-1323	11	0.5042606953144438	
353	FT911-1720	12	0.5042606953144438	
353	FT911-150	13	0.5042606953144438	
353	FT911-3623	14	0.5042606953144438	
353	FT911-3067	15	0.5042606953144438	
353	FT911-1562	16	0.5042606953144438	
353	FT911-2140	17	0.5042606953144438	
353	FT911-3472	18	0.5042606953144438	
353	FT911-4165	19	0.5042606953144438	
353	FT911-5253	20	0.5042606953144438	
353	FT911-1957	21	0.5042606953144438	
353	FT911-3699	22	0.5042606953144438	
353	FT911-4701	23	0.5042606953144438	
353	FT911-3332	24	0.5042606953144438	
353	FT911-5001	25	0.5042606953144438	
353	FT911-601	26	0.5042606953144438	
353	FT911-846	27	0.5042606953144438	
353	FT911-606	28	0.5042606953144438	
353	FT911-2915	29	0.5042606953144438	
353	FT911-1943	30	0.5042606953144438	
353	FT911-1307	31	0.5042606953144438	
353	FT911-3209	32	0.5042606953144438	
353	FT911-2994	33	0.5042606953144438	
353	FT911-4139	34	0.5042606953144438	
353	FT911-4931	35	0.5042606953144438	
353	FT911-1301	36	0.5042606953144438	
353	FT911-3206	37	0.5042606953144438	
353	FT911-3327	38	0.5042606953144438	
353	FT911-1263	39	0.5042606953144438	
353	FT911-493	40	0.5042606953144438	
353	FT911-3320	41	0.5042606953144438	
353	FT911-496	42	0.5042606953144438	
353	FT911-2630	43	0.5042606953144438	
353	FT911-4383	44	0.5042606953144438	
353	FT911-5076	45	0.5042606953144438	
353	FT911-5196	46	0.5042606953144438	
353	FT911-2082	47	0.5042606953144438	
353	FT911-932	48	0.5042606953144438	
353	FT911-4929	49	0.5042606953144438	
353	FT911-3318	50	0.5042606953144438	
353	FT911-382	51	0.5042606953144438	
353	FT911-4009	52	0.5042606953144438	
353	FT911-5337	53	0.5042606953144438	
353	FT911-1098	54	0.5042606953144438	
353	FT911-1494	55	0.5042606953144438	
353	FT911-383	56	0.5042606953144438	
353	FT911-265	57	0.5042606953144438	
353	FT911-1254	58	0.5042606953144438	
353	FT911-4004	59	0.5042606953144438	
353	FT911-2350	60	0.5042606953144438	
353	FT911-5341	61	0.5042606953144438	
353	FT911-821	62	0.5042606953144438	
353	FT911-702	63	0.5042606953144438	
353	FT911-547	64	0.5042606953144438	
353	FT911-943	65	0.5042606953144438	
353	FT911-825	66	0.5042606953144438	
353	FT911-3706	67	0.5042606953144438	
353	FT911-18	68	0.5042606953144438	
353	FT911-4919	69	0.5042606953144438	
353	FT911-1124	70	0.5042606953144438	
353	FT911-1520	71	0.5042606953144438	
353	FT911-2456	72	0.5042606953144438	
353	FT911-3027	73	0.5042606953144438	
353	FT911-4515	74	0.5042606953144438	
353	FT911-1006	75	0.5042606953144438	
353	FT911-870	76	0.5042606953144438	
353	FT911-1486	77	0.5042606953144438	
353	FT911-597	78	0.5042606953144438	
353	FT911-478	79	0.5042606953144438	
353	FT911-753	80	0.5042606953144438	
353	FT911-4088	81	0.5042606953144438	
353	FT911-3816	82	0.5042606953144438	
353	FT911-4902	83	0.5042606953144438	
353	FT911-1355	84	0.5042606953144438	
353	FT911-1631	85	0.5042606953144438	
353	FT911-2446	86	0.5042606953144438	
353	FT911-3411	87	0.5042606953144438	
353	FT911-4467	88	0.5042606953144438	
353	FT911-1083	89	0.5042606953144438	
353	FT911-5167	90	0.5042606953144438	
353	FT911-521	91	0.5042606953144438	
353	FT911-5042	92	0.5042606953144438	
353	FT911-4194	93	0.5042606953144438	
353	FT911-1627	94	0.5042606953144438	
353	FT911-3927	95	0.5042606953144438	
353	FT911-1349	96	0.5042606953144438	
353	FT911-3408	97	0.5042606953144438	
353	FT911-3925	98	0.5042606953144438	
353	FT911-1109	99	0.5042606953144438	
353	FT911-3129	100	0.5042606953144438	
353	FT911-3640	101	0.5042606953144438	
353	FT911-2793	102	0.5042606953144438	
353	FT911-3366	103	0.5042606953144438	
353	FT911-4188	104	0.5042606953144438	
353	FT911-1196	105	0.5042606953144438	
353	FT911-4341	106	0.5042606953144438	
353	FT911-4184	107	0.5042606953144438	
353	FT911-855	108	0.5042606953144438	
353	FT911-1617	109	0.5042606953144438	
353	FT911-2789	110	0.5042606953144438	
353	FT911-3478	111	0.5042606953144438	
353	FT911-4963	112	0.5042606953144438	
353	FT911-2787	113	0.5042606953144438	
353	FT911-1611	114	0.5042606953144438	
353	FT911-2029	115	0.5042606953144438	
353	FT911-1296	116	0.5042606953144438	
353	FT911-4442	117	0.5042606953144438	
353	FT911-3356	118	0.5042606953144438	
353	FT911-4840	119	0.5042606953144438	
353	FT911-4174	120	0.5042606953144438	
353	FT911-5024	121	0.5042606953144438	
353	FT911-467	122	0.5042606953144438	
353	FT911-3363	123	0.5042606953144438	
353	FT911-4176	124	0.5042606953144438	
353	FT911-348	125	0.5042606953144438	
354	FT911-2436	1	1.0000000000000002	
354	FT911-501	2	1.0000000000000002	
354	FT911-1958	3	1.0000000000000002	
354	FT911-471	4	1.0000000000000002	
354	FT911-2618	5	0.9441533502962994	
354	FT911-4277	6	0.8568491571912729	
354	FT911-5245	7	0.8568491571912729	
354	FT911-379	8	0.8568491571912729	
354	FT911-5214	9	0.8568491571912729	
354	FT911-5207	10	0.8568491571912729	
354	FT911-195	11	0.8568491571912729	
354	FT911-2299	12	0.8568491571912729	
354	FT911-1199	13	0.8568491571912729	
354	FT911-1085	14	0.8568491571912729	
354	FT911-3364	15	0.8568491571912729	
354	FT911-2163	16	0.8568491571912729	
354	FT911-1296	17	0.8568491571912729	
354	FT911-1288	18	0.8568491571912729	
354	FT911-4561	19	0.8568491571912729	
354	FT911-4783	20	0.8568491571912729	
354	FT911-2370	21	0.8568491571912729	
354	FT911-1374	22	0.8568491571912729	
354	FT911-2216	23	0.8568491571912729	
354	FT911-3661	24	0.8568491571912729	
354	FT911-3896	25	0.8568491571912729	
354	FT911-1474	26	0.8568491571912729	
354	FT911-1475	27	0.8568491571912729	
354	FT911-3894	28	0.8568491571912729	
354	FT911-1587	29	0.8568491571912729	
354	FT911-1588	30	0.8568491571912729	
354	FT911-1585	31	0.8568491571912729	
354	FT911-1575	32	0.8568491571912729	
354	FT911-2786	33	0.8568491571912729	
354	FT911-1568	34	0.8568491571912729	
354	FT911-1792	35	0.8568491571912729	
354	FT911-1793	36	0.8568491571912729	
354	FT911-1308	37	0.8568491571912729	
354	FT911-1668	38	0.8568491571912729	
354	FT911-1303	39	0.8568491571912729	
354	FT911-4804	40	0.8568491571912729	
354	FT911-2620	41	0.8568491571912729	
354	FT911-2980	42	0.8568491571912729	
354	FT911-1528	43	0.8568491571912729	
354	FT911-2977	44	0.8568491571912729	
354	FT911-1884	45	0.8568491571912729	
354	FT911-2971	46	0.8568491571912729	
354	FT911-885	47	0.8568491571912729	
354	FT911-2716	48	0.8568491571912729	
354	FT911-611	49	0.8568491571912729	
354	FT911-743	50	0.8568491571912729	
354	FT911-503	51	0.8568491571912729	
354	FT911-2812	52	0.8568491571912729	
354	FT911-1956	53	0.8568491571912729	
354	FT911-1702	54	0.8568491571912729	
354	FT911-418	55	0.8568491571912729	
354	FT911-5190	56	0.8568491571912729	
354	FT911-540	57	0.8568491571912729	
354	FT911-4087	58	0.8568491571912729	
354	FT911-354	59	0.8568491571912729	
354	FT911-477	60	0.8568491571912729	
354	FT911-5046	61	0.8568491571912729	
354	FT911-1900	62	0.8568491571912729	
354	FT911-4065	63	0.8568491571912729	
354	FT911-460	64	0.8568491571912729	
354	FT911-3514	65	0.8568491571912727	
354	FT911-1949	66	0.8568491571912727	
354	FT911-115	67	0.8568491571912727	
354	FT911-391	68	0.5155671845847111	
354	FT911-272	69	0.5155671845847111	
354	FT911-393	70	0.5155671845847111	
354	FT911-392	71	0.5155671845847111	
354	FT911-273	72	0.5155671845847111	
354	FT911-154	73	0.5155671845847111	
354	FT911-4043	74	0.5155671845847111	
354	FT911-4045	75	0.5155671845847111	
354	FT911-42	76	0.5155671845847111	
354	FT911-4025	77	0.5155671845847111	
354	FT911-4024	78	0.5155671845847111	
354	FT911-5237	79	0.5155671845847111	
354	FT911-47	80	0.5155671845847111	
354	FT911-4026	81	0.5155671845847111	
354	FT911-5120	82	0.5155671845847111	
354	FT911-4272	83	0.5155671845847111	
354	FT911-4018	84	0.5155671845847111	
354	FT911-131	85	0.5155671845847111	
354	FT911-252	86	0.5155671845847111	
354	FT911-4014	87	0.5155671845847111	
354	FT911-251	88	0.5155671845847111	
354	FT911-3287	89	0.5155671845847111	
354	FT911-4376	90	0.5155671845847111	
354	FT911-4499	91	0.5155671845847111	
354	FT911-4021	92	0.5155671845847111	
354	FT911-5111	93	0.5155671845847111	
354	FT911-5232	94	0.5155671845847111	
354	FT911-255	95	0.5155671845847111	
354	FT911-376	96	0.5155671845847111	
354	FT911-137	97	0.5155671845847111	
354	FT911-4143	98	0.5155671845847111	
354	FT911-138	99	0.5155671845847111	
354	FT911-2082	100	0.5155671845847111	
354	FT911-380	101	0.5155671845847111	
354	FT911-382	102	0.5155671845847111	
354	FT911-141	103	0.5155671845847111	
354	FT911-262	104	0.5155671845847111	
354	FT911-5336	105	0.5155671845847111	
354	FT911-4125	106	0.5155671845847111	
354	FT911-4488	107	0.5155671845847111	
354	FT911-4131	108	0.5155671845847111	
354	FT911-2195	109	0.5155671845847111	
354	FT911-5101	110	0.5155671845847111	
354	FT911-4116	111	0.5155671845847111	
354	FT911-4479	112	0.5155671845847111	
354	FT911-5329	113	0.5155671845847111	
354	FT911-3266	114	0.5155671845847111	
354	FT911-3023	115	0.5155671845847111	
354	FT911-3144	116	0.5155671845847111	
354	FT911-199	117	0.5155671845847111	
354	FT911-198	118	0.5155671845847111	
354	FT911-4235	119	0.5155671845847111	
354	FT911-5323	120	0.5155671845847111	
354	FT911-3273	121	0.5155671845847111	
354	FT911-5331	122	0.5155671845847111	
354	FT911-4240	123	0.5155671845847111	
354	FT911-3396	124	0.5155671845847111	
354	FT911-4000	125	0.5155671845847111	
354	FT911-3018	126	0.5155671845847111	
354	FT911-1197	127	0.5155671845847111	
354	FT911-3013	128	0.5155671845847111	
354	FT911-3255	129	0.5155671845847111	
354	FT911-4344	130	0.5155671845847111	
354	FT911-3015	131	0.5155671845847111	
354	FT911-4103	132	0.5155671845847111	
354	FT911-4592	133	0.5155671845847111	
354	FT911-2053	134	0.5155671845847111	
354	FT911-2174	135	0.5155671845847111	
354	FT911-3009	136	0.5155671845847111	
354	FT911-4219	137	0.5155671845847111	
354	FT911-3006	138	0.5155671845847111	
354	FT911-4579	139	0.5155671845847111	
354	FT911-3008	140	0.5155671845847111	
354	FT911-3007	141	0.5155671845847111	
354	FT911-3249	142	0.5155671845847111	
354	FT911-5302	143	0.5155671845847111	
354	FT911-4574	144	0.5155671845847111	
354	FT911-3004	145	0.5155671845847111	
354	FT911-4213	146	0.5155671845847111	
354	FT911-2161	147	0.5155671845847111	
354	FT911-3251	148	0.5155671845847111	
354	FT911-4582	149	0.5155671845847111	
354	FT911-3371	150	0.5155671845847111	
354	FT911-1195	151	0.5155671845847111	
354	FT911-3010	152	0.5155671845847111	
354	FT911-3494	153	0.5155671845847111	
354	FT911-1070	154	0.5155671845847111	
354	FT911-4204	155	0.5155671845847111	
354	FT911-4207	156	0.5155671845847111	
354	FT911-4448	157	0.5155671845847111	
354	FT911-186	158	0.5155671845847111	
354	FT911-1297	159	0.5155671845847111	
354	FT911-4200	160	0.5155671845847111	
354	FT911-188	161	0.5155671845847111	
354	FT911-4571	162	0.5155671845847111	
354	FT911-1063	163	0.5155671845847111	
354	FT911-2031	164	0.5155671845847111	
354	FT911-2152	165	0.5155671845847111	
354	FT911-3484	166	0.5155671845847111	
354	FT911-2032	167	0.5155671845847111	
354	FT911-2270	168	0.5155671845847111	
354	FT911-3109	169	0.5155671845847111	
354	FT911-4315	170	0.5155671845847111	
354	FT911-3104	171	0.5155671845847111	
354	FT911-2374	172	0.5155671845847111	
354	FT911-3221	173	0.5155671845847111	
354	FT911-2014	174	0.5155671845847111	
354	FT911-2256	175	0.5155671845847111	
354	FT911-4312	176	0.5155671845847111	
354	FT911-4675	177	0.5155671845847111	
354	FT911-4680	178	0.5155671845847111	
354	FT911-1295	179	0.5155671845847111	
354	FT911-2384	180	0.5155671845847111	
354	FT911-3578	181	0.5155671845847111	
354	FT911-3699	182	0.5155671845847111	
354	FT911-4787	183	0.5155671845847111	
354	FT911-1154	184	0.5155671845847111	
354	FT911-4420	185	0.5155671845847111	
354	FT911-2486	186	0.5155671845847111	
354	FT911-3576	187	0.5155671845847111	
354	FT911-1281	188	0.5155671845847111	
354	FT911-3580	189	0.5155671845847111	
354	FT911-1283	190	0.5155671845847111	
354	FT911-3461	191	0.5155671845847111	
354	FT911-4792	192	0.5155671845847111	
354	FT911-2118	193	0.5155671845847111	
354	FT911-4419	194	0.5155671845847111	
354	FT911-2114	195	0.5155671845847111	
354	FT911-3446	196	0.5155671845847111	
354	FT911-4655	197	0.5155671845847111	
354	FT911-4776	198	0.5155671845847111	
354	FT911-1148	199	0.5155671845847111	
354	FT911-2116	200	0.5155671845847111	
354	FT911-3448	201	0.5155671845847111	
354	FT911-2110	202	0.5155671845847111	
354	FT911-1022	203	0.5155671845847111	
354	FT911-4651	204	0.5155671845847111	
354	FT911-1386	205	0.5155671845847111	
354	FT911-4653	206	0.5155671845847111	
354	FT911-3450	207	0.5155671845847111	
354	FT911-2107	208	0.5155671845847111	
354	FT911-4649	209	0.5155671845847111	
354	FT911-2587	210	0.5155671845847111	
354	FT911-4647	211	0.5155671845847111	
354	FT911-4889	212	0.5155671845847111	
354	FT911-1259	213	0.5155671845847111	
354	FT911-2469	214	0.5155671845847111	
354	FT911-3436	215	0.5155671845847111	
354	FT911-1253	216	0.5155671845847111	
354	FT911-4640	217	0.5155671845847111	
354	FT911-1254	218	0.5155671845847111	
354	FT911-4643	219	0.5155671845847111	
354	FT911-1013	220	0.5155671845847111	
354	FT911-4650	221	0.5155671845847111	
354	FT911-2219	222	0.5155671845847111	
354	FT911-4755	223	0.5155671845847111	
354	FT911-1367	224	0.5155671845847111	
354	FT911-2698	225	0.5155671845847111	
354	FT911-4754	226	0.5155671845847111	
354	FT911-2457	227	0.5155671845847111	
354	FT911-4757	228	0.5155671845847111	
354	FT911-4878	229	0.5155671845847111	
354	FT911-1369	230	0.5155671845847111	
354	FT911-2458	231	0.5155671845847111	
354	FT911-3304	232	0.5155671845847111	
354	FT911-2452	233	0.5155671845847111	
354	FT911-2694	234	0.5155671845847111	
354	FT911-3300	235	0.5155671845847111	
354	FT911-3663	236	0.5155671845847111	
354	FT911-3417	237	0.5155671845847111	
354	FT911-4506	238	0.5155671845847111	
354	FT911-3537	239	0.5155671845847111	
354	FT911-3658	240	0.5155671845847111	
354	FT911-4629	241	0.5155671845847111	
354	FT911-2209	242	0.5155671845847111	
354	FT911-4623	243	0.5155671845847111	
354	FT911-3412	244	0.5155671845847111	
354	FT911-2688	245	0.5155671845847111	
354	FT911-2568	246	0.5155671845847111	
354	FT911-2689	247	0.5155671845847111	
354	FT911-3535	248	0.5155671845847111	
354	FT911-2561	249	0.5155671845847111	
354	FT911-4740	250	0.5155671845847111	
354	FT911-1595	251	0.5155671845847111	
354	FT911-2691	252	0.5155671845847111	
354	FT911-3660	253	0.5155671845847111	
354	FT911-4991	254	0.5155671845847111	
354	FT911-2450	255	0.5155671845847111	
354	FT911-802	256	0.5155671845847111	
354	FT911-3407	257	0.5155671845847111	
354	FT911-4859	258	0.5155671845847111	
354	FT911-4612	259	0.5155671845847111	
354	FT911-3404	260	0.5155671845847111	
354	FT911-1226	261	0.5155671845847111	
354	FT911-3887	262	0.5155671845847111	
354	FT911-35	263	0.5155671845847111	
354	FT911-3641	264	0.5155671845847111	
354	FT911-4972	265	0.5155671845847111	
354	FT911-1592	266	0.5155671845847111	
354	FT911-3516	267	0.5155671845847111	
354	FT911-4726	268	0.5155671845847111	
354	FT911-4968	269	0.5155671845847111	
354	FT911-1338	270	0.5155671845847111	
354	FT911-2427	271	0.5155671845847111	
354	FT911-4967	272	0.5155671845847111	
354	FT911-1696	273	0.5155671845847111	
354	FT911-4842	274	0.5155671845847111	
354	FT911-3756	275	0.5155671845847111	
354	FT911-4603	276	0.5155671845847111	
354	FT911-1210	277	0.5155671845847111	
354	FT911-2300	278	0.5155671845847111	
354	FT911-902	279	0.5155671845847111	
354	FT911-2657	280	0.5155671845847111	
354	FT911-3627	281	0.5155671845847111	
354	FT911-1445	282	0.5155671845847111	
354	FT911-2535	283	0.5155671845847111	
354	FT911-4833	284	0.5155671845847111	
354	FT911-1681	285	0.5155671845847111	
354	FT911-3860	286	0.5155671845847111	
354	FT911-1440	287	0.5155671845847111	
354	FT911-2650	288	0.5155671845847111	
354	FT911-2892	289	0.5155671845847111	
354	FT911-3983	290	0.5155671845847111	
354	FT911-4830	291	0.5155671845847111	
354	FT911-2894	292	0.5155671845847111	
354	FT911-710	293	0.5155671845847111	
354	FT911-1319	294	0.5155671845847111	
354	FT911-3619	295	0.5155671845847111	
354	FT911-1436	296	0.5155671845847111	
354	FT911-2646	297	0.5155671845847111	
354	FT911-1316	298	0.5155671845847111	
354	FT911-1437	299	0.5155671845847111	
354	FT911-2648	300	0.5155671845847111	
354	FT911-1432	301	0.5155671845847111	
354	FT911-2521	302	0.5155671845847111	
354	FT911-1312	303	0.5155671845847111	
354	FT911-3852	304	0.5155671845847111	
354	FT911-2644	305	0.5155671845847111	
354	FT911-1556	306	0.5155671845847111	
354	FT911-601	307	0.5155671845847111	
354	FT911-608	308	0.5155671845847111	
354	FT911-4814	309	0.5155671845847111	
354	FT911-2999	310	0.5155671845847111	
354	FT911-3724	311	0.5155671845847111	
354	FT911-1307	312	0.5155671845847111	
354	FT911-2510	313	0.5155671845847111	
354	FT911-2994	314	0.5155671845847111	
354	FT911-2753	315	0.5155671845847111	
354	FT911-2995	316	0.5155671845847111	
354	FT911-1423	317	0.5155671845847111	
354	FT911-1544	318	0.5155671845847111	
354	FT911-2754	319	0.5155671845847111	
354	FT911-2997	320	0.5155671845847111	
354	FT911-1780	321	0.5155671845847111	
354	FT911-2992	322	0.5155671845847111	
354	FT911-1541	323	0.5155671845847111	
354	FT911-810	324	0.5155671845847111	
354	FT911-936	325	0.5155671845847111	
354	FT911-1418	326	0.5155671845847111	
354	FT911-2987	327	0.5155671845847111	
354	FT911-3714	328	0.5155671845847111	
354	FT911-1899	329	0.5155671845847111	
354	FT911-2989	330	0.5155671845847111	
354	FT911-2983	331	0.5155671845847111	
354	FT911-1532	332	0.5155671845847111	
354	FT911-1653	333	0.5155671845847111	
354	FT911-3951	334	0.5155671845847111	
354	FT911-2622	335	0.5155671845847111	
354	FT911-1534	336	0.5155671845847111	
354	FT911-2986	337	0.5155671845847111	
354	FT911-1892	338	0.5155671845847111	
354	FT911-821	339	0.5155671845847111	
354	FT911-823	340	0.5155671845847111	
354	FT911-1407	341	0.5155671845847111	
354	FT911-1408	342	0.5155671845847111	
354	FT911-3948	343	0.5155671845847111	
354	FT911-2856	344	0.5155671845847111	
354	FT911-1406	345	0.5155671845847111	
354	FT911-1520	346	0.5155671845847111	
354	FT911-1885	347	0.5155671845847111	
354	FT911-1523	348	0.5155671845847111	
354	FT911-1765	349	0.5155671845847111	
354	FT911-2970	350	0.5155671845847111	
354	FT911-872	351	0.5155671845847111	
354	FT911-753	352	0.5155671845847111	
354	FT911-513	353	0.5155671845847111	
354	FT911-756	354	0.5155671845847111	
354	FT911-2848	355	0.5155671845847111	
354	FT911-4906	356	0.5155671845847111	
354	FT911-3939	357	0.5155671845847111	
354	FT911-4907	358	0.5155671845847111	
354	FT911-1513	359	0.5155671845847111	
354	FT911-2723	360	0.5155671845847111	
354	FT911-2845	361	0.5155671845847111	
354	FT911-4901	362	0.5155671845847111	
354	FT911-1999	363	0.5155671845847111	
354	FT911-4904	364	0.5155671845847111	
354	FT911-1879	365	0.5155671845847111	
354	FT911-1993	366	0.5155671845847111	
354	FT911-2962	367	0.5155671845847111	
354	FT911-2600	368	0.5155671845847111	
354	FT911-1633	369	0.5155671845847111	
354	FT911-1990	370	0.5155671845847111	
354	FT911-520	371	0.5155671845847111	
354	FT911-764	372	0.5155671845847111	
354	FT911-526	373	0.5155671845847111	
354	FT911-4909	374	0.5155671845847111	
354	FT911-1869	375	0.5155671845847111	
354	FT911-3806	376	0.5155671845847111	
354	FT911-1507	377	0.5155671845847111	
354	FT911-1865	378	0.5155671845847111	
354	FT911-2712	379	0.5155671845847111	
354	FT911-3802	380	0.5155671845847111	
354	FT911-2835	381	0.5155671845847111	
354	FT911-1982	382	0.5155671845847111	
354	FT911-1621	383	0.5155671845847111	
354	FT911-1981	384	0.5155671845847111	
354	FT911-855	385	0.5155671845847111	
354	FT911-615	386	0.5155671845847111	
354	FT911-1979	387	0.5155671845847111	
354	FT911-1617	388	0.5155671845847111	
354	FT911-3918	389	0.5155671845847111	
354	FT911-1619	390	0.5155671845847111	
354	FT911-1971	391	0.5155671845847111	
354	FT911-2700	392	0.5155671845847111	
354	FT911-863	393	0.5155671845847111	
354	FT911-862	394	0.5155671845847111	
354	FT911-865	395	0.5155671845847111	
354	FT911-627	396	0.5155671845847111	
354	FT911-626	397	0.5155671845847111	
354	FT911-989	398	0.5155671845847111	
354	FT911-628	399	0.5155671845847111	
354	FT911-1726	400	0.5155671845847111	
354	FT911-3907	401	0.5155671845847111	
354	FT911-1967	402	0.5155671845847111	
354	FT911-1720	403	0.5155671845847111	
354	FT911-310	404	0.5155671845847111	
354	FT911-433	405	0.5155671845847111	
354	FT911-678	406	0.5155671845847111	
354	FT911-438	407	0.5155671845847111	
354	FT911-679	408	0.5155671845847111	
354	FT911-318	409	0.5155671845847111	
354	FT911-5093	410	0.5155671845847111	
354	FT911-1715	411	0.5155671845847111	
354	FT911-1953	412	0.5155671845847111	
354	FT911-1950	413	0.5155671845847111	
354	FT911-1951	414	0.5155671845847111	
354	FT911-1710	415	0.5155671845847111	
354	FT911-328	416	0.5155671845847111	
354	FT911-890	417	0.5155671845847111	
354	FT911-892	418	0.5155671845847111	
354	FT911-779	419	0.5155671845847111	
354	FT911-661	420	0.5155671845847111	
354	FT911-5179	421	0.5155671845847111	
354	FT911-660	422	0.5155671845847111	
354	FT911-5186	423	0.5155671845847111	
354	FT911-5185	424	0.5155671845847111	
354	FT911-5182	425	0.5155671845847111	
354	FT911-591	426	0.5155671845847111	
354	FT911-594	427	0.5155671845847111	
354	FT911-5178	428	0.5155671845847111	
354	FT911-357	429	0.5155671845847111	
354	FT911-5054	430	0.5155671845847111	
354	FT911-5036	431	0.5155671845847111	
354	FT911-487	432	0.5155671845847111	
354	FT911-4076	433	0.5155671845847111	
354	FT911-5045	434	0.5155671845847111	
354	FT911-125	435	0.5155671845847111	
354	FT911-690	436	0.5155671845847111	
354	FT911-693	437	0.5155671845847111	
354	FT911-213	438	0.5155671845847111	
354	FT911-697	439	0.5155671845847111	
354	FT911-336	440	0.5155671845847111	
354	FT911-4288	441	0.5155671845847111	
354	FT911-221	442	0.5155671845847111	
354	FT911-220	443	0.5155671845847111	
354	FT911-465	444	0.5155671845847111	
354	FT911-467	445	0.5155671845847111	
354	FT911-4290	446	0.5155671845847111	
359	FT911-165	1	0.9999999999999998	
359	FT911-3276	2	0.9999999999999998	
359	FT911-198	3	0.9999999999999998	
359	FT911-3242	4	0.9999999999999998	
359	FT911-2374	5	0.9999999999999998	
359	FT911-4987	6	0.9999999999999998	
359	FT911-1474	7	0.9999999999999998	
359	FT911-1309	8	0.9999999999999998	
359	FT911-2637	9	0.9999999999999998	
359	FT911-934	10	0.9999999999999998	
359	FT911-5121	11	0.9999999999999998	
359	FT911-2032	12	0.9999999999999998	
359	FT911-3109	13	0.9999999999999998	
359	FT911-601	14	0.9999999999999998	
359	FT911-2913	15	0.9818956394865332	
359	FT911-138	16	0.9220367625062461	
359	FT911-4368	17	0.9220367625062461	
359	FT911-4355	18	0.9220367625062461	
359	FT911-3019	19	0.9220367625062461	
359	FT911-3496	20	0.9220367625062461	
359	FT911-1279	21	0.9220367625062461	
359	FT911-1282	22	0.9220367625062461	
359	FT911-2119	23	0.9220367625062461	
359	FT911-2100	24	0.9220367625062461	
359	FT911-1230	25	0.9220367625062461	
359	FT911-3645	26	0.9220367625062461	
359	FT911-4972	27	0.9220367625062461	
359	FT911-3986	28	0.9220367625062461	
359	FT911-511	29	0.9220367625062461	
359	FT911-2829	30	0.9220367625062461	
359	FT911-3914	31	0.9220367625062461	
359	FT911-1972	32	0.9220367625062461	
359	FT911-1963	33	0.9220367625062461	
359	FT911-5086	34	0.9220367625062461	
359	FT911-1719	35	0.9220367625062461	
359	FT911-4176	36	0.9220367625062461	
359	FT911-4271	37	0.9220367625062461	
359	FT911-2063	38	0.9220367625062461	
359	FT911-4467	39	0.9220367625062461	
359	FT911-4474	40	0.9220367625062461	
359	FT911-4679	41	0.9220367625062461	
359	FT911-2009	42	0.9220367625062461	
359	FT911-2480	43	0.9220367625062461	
359	FT911-2459	44	0.9220367625062461	
359	FT911-3546	45	0.9220367625062461	
359	FT911-4865	46	0.9220367625062461	
359	FT911-4840	47	0.9220367625062461	
359	FT911-1628	48	0.9220367625062461	
359	FT911-680	49	0.9220367625062461	
359	FT911-665	50	0.9220367625062461	
359	FT911-428	51	0.9220367625062461	
359	FT911-2452	52	0.922036762506246	
359	FT911-5244	53	0.8764970786013228	
359	FT911-3406	54	0.8764970786013228	
359	FT911-3404	55	0.8764970786013228	
359	FT911-3149	56	0.8764970786013228	
359	FT911-3000	57	0.8510193449614922	
359	FT911-2469	58	0.8043444898343628	
359	FT911-4650	59	0.7734755617483721	
359	FT911-4264	60	0.6999939890385647	
359	FT911-1897	61	0.6999939890385647	
359	FT911-4652	62	0.5269134978004598	
359	FT911-391	63	0.4885504557928499	
359	FT911-4645	64	0.48410029078828853	
359	FT911-392	65	0.3871023231485449	
359	FT911-4589	66	0.3871023231485449	
359	FT911-1059	67	0.3871023231485449	
359	FT911-4784	68	0.3871023231485449	
359	FT911-1242	69	0.3871023231485449	
359	FT911-515	70	0.3871023231485449	
359	FT911-594	71	0.3871023231485449	
359	FT911-4024	72	0.3871023231485449	
359	FT911-2046	73	0.3871023231485449	
359	FT911-4656	74	0.3871023231485449	
359	FT911-4654	75	0.3871023231485449	
359	FT911-4648	76	0.3871023231485449	
359	FT911-4647	77	0.3871023231485449	
359	FT911-4641	78	0.3871023231485449	
359	FT911-4640	79	0.3871023231485449	
359	FT911-3534	80	0.3871023231485449	
359	FT911-1446	81	0.3871023231485449	
359	FT911-2984	82	0.3871023231485449	
359	FT911-821	83	0.3871023231485449	
359	FT911-1629	84	0.3871023231485449	
359	FT911-5186	85	0.3871023231485449	
359	FT911-151	86	0.38710232314854487	
359	FT911-152	87	0.38710232314854487	
359	FT911-396	88	0.38710232314854487	
359	FT911-157	89	0.38710232314854487	
359	FT911-3077	90	0.38710232314854487	
359	FT911-5253	91	0.38710232314854487	
359	FT911-3071	92	0.38710232314854487	
359	FT911-61	93	0.38710232314854487	
359	FT911-4162	94	0.38710232314854487	
359	FT911-169	95	0.38710232314854487	
359	FT911-4396	96	0.38710232314854487	
359	FT911-4391	97	0.38710232314854487	
359	FT911-5240	98	0.38710232314854487	
359	FT911-370	99	0.38710232314854487	
359	FT911-3046	100	0.38710232314854487	
359	FT911-4134	101	0.38710232314854487	
359	FT911-133	102	0.38710232314854487	
359	FT911-4137	103	0.38710232314854487	
359	FT911-374	104	0.38710232314854487	
359	FT911-3289	105	0.38710232314854487	
359	FT911-377	106	0.38710232314854487	
359	FT911-4384	107	0.38710232314854487	
359	FT911-5232	108	0.38710232314854487	
359	FT911-376	109	0.38710232314854487	
359	FT911-5231	110	0.38710232314854487	
359	FT911-3293	111	0.38710232314854487	
359	FT911-4140	112	0.38710232314854487	
359	FT911-380	113	0.38710232314854487	
359	FT911-3038	114	0.38710232314854487	
359	FT911-382	115	0.38710232314854487	
359	FT911-142	116	0.38710232314854487	
359	FT911-5214	117	0.38710232314854487	
359	FT911-141	118	0.38710232314854487	
359	FT911-383	119	0.38710232314854487	
359	FT911-143	120	0.38710232314854487	
359	FT911-2194	121	0.38710232314854487	
359	FT911-4373	122	0.38710232314854487	
359	FT911-3283	123	0.38710232314854487	
359	FT911-148	124	0.38710232314854487	
359	FT911-2196	125	0.38710232314854487	
359	FT911-3044	126	0.38710232314854487	
359	FT911-2197	127	0.38710232314854487	
359	FT911-3043	128	0.38710232314854487	
359	FT911-3281	129	0.38710232314854487	
359	FT911-190	130	0.38710232314854487	
359	FT911-4117	131	0.38710232314854487	
359	FT911-99	132	0.38710232314854487	
359	FT911-3027	133	0.38710232314854487	
359	FT911-4119	134	0.38710232314854487	
359	FT911-5206	135	0.38710232314854487	
359	FT911-197	136	0.38710232314854487	
359	FT911-3024	137	0.38710232314854487	
359	FT911-3023	138	0.38710232314854487	
359	FT911-4596	139	0.38710232314854487	
359	FT911-3026	140	0.38710232314854487	
359	FT911-5201	141	0.38710232314854487	
359	FT911-1096	142	0.38710232314854487	
359	FT911-2185	143	0.38710232314854487	
359	FT911-3275	144	0.38710232314854487	
359	FT911-4121	145	0.38710232314854487	
359	FT911-1092	146	0.38710232314854487	
359	FT911-2181	147	0.38710232314854487	
359	FT911-3259	148	0.38710232314854487	
359	FT911-3258	149	0.38710232314854487	
359	FT911-4108	150	0.38710232314854487	
359	FT911-3018	151	0.38710232314854487	
359	FT911-2165	152	0.38710232314854487	
359	FT911-3013	153	0.38710232314854487	
359	FT911-4102	154	0.38710232314854487	
359	FT911-3012	155	0.38710232314854487	
359	FT911-3257	156	0.38710232314854487	
359	FT911-1078	157	0.38710232314854487	
359	FT911-3499	158	0.38710232314854487	
359	FT911-4588	159	0.38710232314854487	
359	FT911-3014	160	0.38710232314854487	
359	FT911-3256	161	0.38710232314854487	
359	FT911-3498	162	0.38710232314854487	
359	FT911-4103	163	0.38710232314854487	
359	FT911-92	164	0.38710232314854487	
359	FT911-5200	165	0.38710232314854487	
359	FT911-2174	166	0.38710232314854487	
359	FT911-4353	167	0.38710232314854487	
359	FT911-4595	168	0.38710232314854487	
359	FT911-2175	169	0.38710232314854487	
359	FT911-3260	170	0.38710232314854487	
359	FT911-3006	171	0.38710232314854487	
359	FT911-3248	172	0.38710232314854487	
359	FT911-3005	173	0.38710232314854487	
359	FT911-3008	174	0.38710232314854487	
359	FT911-4339	175	0.38710232314854487	
359	FT911-2396	176	0.38710232314854487	
359	FT911-3001	177	0.38710232314854487	
359	FT911-3004	178	0.38710232314854487	
359	FT911-3003	179	0.38710232314854487	
359	FT911-4334	180	0.38710232314854487	
359	FT911-3494	181	0.38710232314854487	
359	FT911-4583	182	0.38710232314854487	
359	FT911-1070	183	0.38710232314854487	
359	FT911-3491	184	0.38710232314854487	
359	FT911-186	185	0.38710232314854487	
359	FT911-4322	186	0.38710232314854487	
359	FT911-1055	187	0.38710232314854487	
359	FT911-188	188	0.38710232314854487	
359	FT911-1056	189	0.38710232314854487	
359	FT911-187	190	0.38710232314854487	
359	FT911-1063	191	0.38710232314854487	
359	FT911-3484	192	0.38710232314854487	
359	FT911-3229	193	0.38710232314854487	
359	FT911-4318	194	0.38710232314854487	
359	FT911-3468	195	0.38710232314854487	
359	FT911-1048	196	0.38710232314854487	
359	FT911-4798	197	0.38710232314854487	
359	FT911-4553	198	0.38710232314854487	
359	FT911-4552	199	0.38710232314854487	
359	FT911-4794	200	0.38710232314854487	
359	FT911-4797	201	0.38710232314854487	
359	FT911-1288	202	0.38710232314854487	
359	FT911-1294	203	0.38710232314854487	
359	FT911-3230	204	0.38710232314854487	
359	FT911-2368	205	0.38710232314854487	
359	FT911-4787	206	0.38710232314854487	
359	FT911-3459	207	0.38710232314854487	
359	FT911-4789	208	0.38710232314854487	
359	FT911-4786	209	0.38710232314854487	
359	FT911-4785	210	0.38710232314854487	
359	FT911-4791	211	0.38710232314854487	
359	FT911-4790	212	0.38710232314854487	
359	FT911-3462	213	0.38710232314854487	
359	FT911-4551	214	0.38710232314854487	
359	FT911-1042	215	0.38710232314854487	
359	FT911-4792	216	0.38710232314854487	
359	FT911-1029	217	0.38710232314854487	
359	FT911-2118	218	0.38710232314854487	
359	FT911-4538	219	0.38710232314854487	
359	FT911-3209	220	0.38710232314854487	
359	FT911-3446	221	0.38710232314854487	
359	FT911-1026	222	0.38710232314854487	
359	FT911-2115	223	0.38710232314854487	
359	FT911-1027	224	0.38710232314854487	
359	FT911-4531	225	0.38710232314854487	
359	FT911-2595	226	0.38710232314854487	
359	FT911-1265	227	0.38710232314854487	
359	FT911-2596	228	0.38710232314854487	
359	FT911-3443	229	0.38710232314854487	
359	FT911-4774	230	0.38710232314854487	
359	FT911-3693	231	0.38710232314854487	
359	FT911-3450	232	0.38710232314854487	
359	FT911-1019	233	0.38710232314854487	
359	FT911-3438	234	0.38710232314854487	
359	FT911-3435	235	0.38710232314854487	
359	FT911-1499	236	0.38710232314854487	
359	FT911-2589	237	0.38710232314854487	
359	FT911-3437	238	0.38710232314854487	
359	FT911-2341	239	0.38710232314854487	
359	FT911-1495	240	0.38710232314854487	
359	FT911-2342	241	0.38710232314854487	
359	FT911-2584	242	0.38710232314854487	
359	FT911-3672	243	0.38710232314854487	
359	FT911-2343	244	0.38710232314854487	
359	FT911-2102	245	0.38710232314854487	
359	FT911-3432	246	0.38710232314854487	
359	FT911-3440	247	0.38710232314854487	
359	FT911-12	248	0.38710232314854487	
359	FT911-1245	249	0.38710232314854487	
359	FT911-2334	250	0.38710232314854487	
359	FT911-1247	251	0.38710232314854487	
359	FT911-2336	252	0.38710232314854487	
359	FT911-1006	253	0.38710232314854487	
359	FT911-1248	254	0.38710232314854487	
359	FT911-1241	255	0.38710232314854487	
359	FT911-3420	256	0.38710232314854487	
359	FT911-4753	257	0.38710232314854487	
359	FT911-3663	258	0.38710232314854487	
359	FT911-3670	259	0.38710232314854487	
359	FT911-2569	260	0.38710232314854487	
359	FT911-3417	261	0.38710232314854487	
359	FT911-4508	262	0.38710232314854487	
359	FT911-3418	263	0.38710232314854487	
359	FT911-3655	264	0.38710232314854487	
359	FT911-3897	265	0.38710232314854487	
359	FT911-3654	266	0.38710232314854487	
359	FT911-4504	267	0.38710232314854487	
359	FT911-2561	268	0.38710232314854487	
359	FT911-2320	269	0.38710232314854487	
359	FT911-4981	270	0.38710232314854487	
359	FT911-3895	271	0.38710232314854487	
359	FT911-39	272	0.38710232314854487	
359	FT911-3408	273	0.38710232314854487	
359	FT911-3407	274	0.38710232314854487	
359	FT911-34	275	0.38710232314854487	
359	FT911-1223	276	0.38710232314854487	
359	FT911-3402	277	0.38710232314854487	
359	FT911-33	278	0.38710232314854487	
359	FT911-2555	279	0.38710232314854487	
359	FT911-2556	280	0.38710232314854487	
359	FT911-1226	281	0.38710232314854487	
359	FT911-1461	282	0.38710232314854487	
359	FT911-1462	283	0.38710232314854487	
359	FT911-2551	284	0.38710232314854487	
359	FT911-4970	285	0.38710232314854487	
359	FT911-36	286	0.38710232314854487	
359	FT911-1463	287	0.38710232314854487	
359	FT911-4973	288	0.38710232314854487	
359	FT911-35	289	0.38710232314854487	
359	FT911-1222	290	0.38710232314854487	
359	FT911-4980	291	0.38710232314854487	
359	FT911-3890	292	0.38710232314854487	
359	FT911-1459	293	0.38710232314854487	
359	FT911-2548	294	0.38710232314854487	
359	FT911-4727	295	0.38710232314854487	
359	FT911-1696	296	0.38710232314854487	
359	FT911-2543	297	0.38710232314854487	
359	FT911-3633	298	0.38710232314854487	
359	FT911-22	299	0.38710232314854487	
359	FT911-1455	300	0.38710232314854487	
359	FT911-21	301	0.38710232314854487	
359	FT911-2545	302	0.38710232314854487	
359	FT911-20	303	0.38710232314854487	
359	FT911-1699	304	0.38710232314854487	
359	FT911-3876	305	0.38710232314854487	
359	FT911-27	306	0.38710232314854487	
359	FT911-1693	307	0.38710232314854487	
359	FT911-4720	308	0.38710232314854487	
359	FT911-3630	309	0.38710232314854487	
359	FT911-2419	310	0.38710232314854487	
359	FT911-4839	311	0.38710232314854487	
359	FT911-4836	312	0.38710232314854487	
359	FT911-1564	313	0.38710232314854487	
359	FT911-3743	314	0.38710232314854487	
359	FT911-3742	315	0.38710232314854487	
359	FT911-2414	316	0.38710232314854487	
359	FT911-2650	317	0.38710232314854487	
359	FT911-2892	318	0.38710232314854487	
359	FT911-2893	319	0.38710232314854487	
359	FT911-952	320	0.38710232314854487	
359	FT911-713	321	0.38710232314854487	
359	FT911-957	322	0.38710232314854487	
359	FT911-719	323	0.38710232314854487	
359	FT911-4825	324	0.38710232314854487	
359	FT911-1316	325	0.38710232314854487	
359	FT911-1317	326	0.38710232314854487	
359	FT911-2406	327	0.38710232314854487	
359	FT911-1318	328	0.38710232314854487	
359	FT911-3979	329	0.38710232314854487	
359	FT911-1312	330	0.38710232314854487	
359	FT911-2644	331	0.38710232314854487	
359	FT911-1314	332	0.38710232314854487	
359	FT911-1556	333	0.38710232314854487	
359	FT911-1792	334	0.38710232314854487	
359	FT911-965	335	0.38710232314854487	
359	FT911-725	336	0.38710232314854487	
359	FT911-727	337	0.38710232314854487	
359	FT911-1304	338	0.38710232314854487	
359	FT911-1546	339	0.38710232314854487	
359	FT911-2636	340	0.38710232314854487	
359	FT911-3726	341	0.38710232314854487	
359	FT911-1302	342	0.38710232314854487	
359	FT911-1780	343	0.38710232314854487	
359	FT911-2871	344	0.38710232314854487	
359	FT911-1541	345	0.38710232314854487	
359	FT911-930	346	0.38710232314854487	
359	FT911-936	347	0.38710232314854487	
359	FT911-938	348	0.38710232314854487	
359	FT911-1539	349	0.38710232314854487	
359	FT911-1535	350	0.38710232314854487	
359	FT911-2624	351	0.38710232314854487	
359	FT911-2625	352	0.38710232314854487	
359	FT911-2627	353	0.38710232314854487	
359	FT911-1531	354	0.38710232314854487	
359	FT911-1773	355	0.38710232314854487	
359	FT911-2620	356	0.38710232314854487	
359	FT911-2864	357	0.38710232314854487	
359	FT911-4801	358	0.38710232314854487	
359	FT911-1534	359	0.38710232314854487	
359	FT911-3711	360	0.38710232314854487	
359	FT911-942	361	0.38710232314854487	
359	FT911-949	362	0.38710232314854487	
359	FT911-1529	363	0.38710232314854487	
359	FT911-3709	364	0.38710232314854487	
359	FT911-1526	365	0.38710232314854487	
359	FT911-2615	366	0.38710232314854487	
359	FT911-3947	367	0.38710232314854487	
359	FT911-2851	368	0.38710232314854487	
359	FT911-1521	369	0.38710232314854487	
359	FT911-1763	370	0.38710232314854487	
359	FT911-1522	371	0.38710232314854487	
359	FT911-2853	372	0.38710232314854487	
359	FT911-3701	373	0.38710232314854487	
359	FT911-2854	374	0.38710232314854487	
359	FT911-2850	375	0.38710232314854487	
359	FT911-755	376	0.38710232314854487	
359	FT911-512	377	0.38710232314854487	
359	FT911-514	378	0.38710232314854487	
359	FT911-756	379	0.38710232314854487	
359	FT911-1517	380	0.38710232314854487	
359	FT911-2848	381	0.38710232314854487	
359	FT911-3939	382	0.38710232314854487	
359	FT911-2602	383	0.38710232314854487	
359	FT911-2844	384	0.38710232314854487	
359	FT911-1994	385	0.38710232314854487	
359	FT911-2841	386	0.38710232314854487	
359	FT911-1511	387	0.38710232314854487	
359	FT911-2842	388	0.38710232314854487	
359	FT911-760	389	0.38710232314854487	
359	FT911-762	390	0.38710232314854487	
359	FT911-521	391	0.38710232314854487	
359	FT911-765	392	0.38710232314854487	
359	FT911-3927	393	0.38710232314854487	
359	FT911-1508	394	0.38710232314854487	
359	FT911-2833	395	0.38710232314854487	
359	FT911-1741	396	0.38710232314854487	
359	FT911-1501	397	0.38710232314854487	
359	FT911-1985	398	0.38710232314854487	
359	FT911-735	399	0.38710232314854487	
359	FT911-976	400	0.38710232314854487	
359	FT911-1979	401	0.38710232314854487	
359	FT911-2826	402	0.38710232314854487	
359	FT911-3918	403	0.38710232314854487	
359	FT911-2823	404	0.38710232314854487	
359	FT911-1978	405	0.38710232314854487	
359	FT911-1971	406	0.38710232314854487	
359	FT911-1731	407	0.38710232314854487	
359	FT911-508	408	0.38710232314854487	
359	FT911-2816	409	0.38710232314854487	
359	FT911-3907	410	0.38710232314854487	
359	FT911-1729	411	0.38710232314854487	
359	FT911-1965	412	0.38710232314854487	
359	FT911-3900	413	0.38710232314854487	
359	FT911-1966	414	0.38710232314854487	
359	FT911-1962	415	0.38710232314854487	
359	FT911-790	416	0.38710232314854487	
359	FT911-550	417	0.38710232314854487	
359	FT911-311	418	0.38710232314854487	
359	FT911-5098	419	0.38710232314854487	
359	FT911-312	420	0.38710232314854487	
359	FT911-5099	421	0.38710232314854487	
359	FT911-315	422	0.38710232314854487	
359	FT911-799	423	0.38710232314854487	
359	FT911-314	424	0.38710232314854487	
359	FT911-1715	425	0.38710232314854487	
359	FT911-1953	426	0.38710232314854487	
359	FT911-1712	427	0.38710232314854487	
359	FT911-1954	428	0.38710232314854487	
359	FT911-1950	429	0.38710232314854487	
359	FT911-564	430	0.38710232314854487	
359	FT911-324	431	0.38710232314854487	
359	FT911-326	432	0.38710232314854487	
359	FT911-328	433	0.38710232314854487	
359	FT911-2809	434	0.38710232314854487	
359	FT911-1946	435	0.38710232314854487	
359	FT911-1700	436	0.38710232314854487	
359	FT911-1942	437	0.38710232314854487	
359	FT911-1701	438	0.38710232314854487	
359	FT911-1702	439	0.38710232314854487	
359	FT911-1945	440	0.38710232314854487	
359	FT911-770	441	0.38710232314854487	
359	FT911-531	442	0.38710232314854487	
359	FT911-530	443	0.38710232314854487	
359	FT911-533	444	0.38710232314854487	
359	FT911-534	445	0.38710232314854487	
359	FT911-540	446	0.38710232314854487	
359	FT911-5068	447	0.38710232314854487	
359	FT911-5064	448	0.38710232314854487	
359	FT911-548	449	0.38710232314854487	
359	FT911-5061	450	0.38710232314854487	
359	FT911-1924	451	0.38710232314854487	
359	FT911-351	452	0.38710232314854487	
359	FT911-595	453	0.38710232314854487	
359	FT911-354	454	0.38710232314854487	
359	FT911-5299	455	0.38710232314854487	
359	FT911-5296	456	0.38710232314854487	
359	FT911-5052	457	0.38710232314854487	
359	FT911-5294	458	0.38710232314854487	
359	FT911-5295	459	0.38710232314854487	
359	FT911-1910	460	0.38710232314854487	
359	FT911-5038	461	0.38710232314854487	
359	FT911-5039	462	0.38710232314854487	
359	FT911-5036	463	0.38710232314854487	
359	FT911-128	464	0.38710232314854487	
359	FT911-4193	465	0.38710232314854487	
359	FT911-5041	466	0.38710232314854487	
359	FT911-5042	467	0.38710232314854487	
359	FT911-5284	468	0.38710232314854487	
359	FT911-4190	469	0.38710232314854487	
359	FT911-5269	470	0.38710232314854487	
359	FT911-331	471	0.38710232314854487	
359	FT911-4186	472	0.38710232314854487	
359	FT911-5035	473	0.38710232314854487	
359	FT911-5274	474	0.38710232314854487	
359	FT911-576	475	0.38710232314854487	
359	FT911-5030	476	0.38710232314854487	
359	FT911-336	477	0.38710232314854487	
359	FT911-3092	478	0.38710232314854487	
359	FT911-3094	479	0.38710232314854487	
359	FT911-1909	480	0.38710232314854487	
359	FT911-5018	481	0.38710232314854487	
359	FT911-5015	482	0.38710232314854487	
359	FT911-585	483	0.38710232314854487	
359	FT911-4177	484	0.38710232314854487	
359	FT911-106	485	0.38710232314854487	
359	FT911-5020	486	0.38710232314854487	
359	FT911-3084	487	0.38710232314854487	
359	FT911-270	488	0.38710232314854487	
359	FT911-5129	489	0.38710232314854487	
359	FT911-4278	490	0.38710232314854487	
359	FT911-4040	491	0.38710232314854487	
359	FT911-5119	492	0.38710232314854487	
359	FT911-5359	493	0.38710232314854487	
359	FT911-282	494	0.38710232314854487	
359	FT911-5118	495	0.38710232314854487	
359	FT911-4025	496	0.38710232314854487	
359	FT911-5116	497	0.38710232314854487	
359	FT911-4027	498	0.38710232314854487	
359	FT911-5122	499	0.38710232314854487	
359	FT911-3184	500	0.38710232314854487	
359	FT911-3187	501	0.38710232314854487	
359	FT911-5120	502	0.38710232314854487	
359	FT911-3181	503	0.38710232314854487	
359	FT911-4270	504	0.38710232314854487	
359	FT911-3183	505	0.38710232314854487	
359	FT911-4017	506	0.38710232314854487	
359	FT911-250	507	0.38710232314854487	
359	FT911-252	508	0.38710232314854487	
359	FT911-4013	509	0.38710232314854487	
359	FT911-5102	510	0.38710232314854487	
359	FT911-4015	511	0.38710232314854487	
359	FT911-5103	512	0.38710232314854487	
359	FT911-498	513	0.38710232314854487	
359	FT911-4263	514	0.38710232314854487	
359	FT911-5111	515	0.38710232314854487	
359	FT911-2087	516	0.38710232314854487	
359	FT911-5110	517	0.38710232314854487	
359	FT911-5350	518	0.38710232314854487	
359	FT911-2082	519	0.38710232314854487	
359	FT911-5339	520	0.38710232314854487	
359	FT911-4009	521	0.38710232314854487	
359	FT911-5338	522	0.38710232314854487	
359	FT911-3156	523	0.38710232314854487	
359	FT911-3398	524	0.38710232314854487	
359	FT911-4487	525	0.38710232314854487	
359	FT911-2067	526	0.38710232314854487	
359	FT911-4486	527	0.38710232314854487	
359	FT911-265	528	0.38710232314854487	
359	FT911-4005	529	0.38710232314854487	
359	FT911-2069	530	0.38710232314854487	
359	FT911-4251	531	0.38710232314854487	
359	FT911-4253	532	0.38710232314854487	
359	FT911-2055	533	0.38710232314854487	
359	FT911-2297	534	0.38710232314854487	
359	FT911-5324	535	0.38710232314854487	
359	FT911-2298	536	0.38710232314854487	
359	FT911-2299	537	0.38710232314854487	
359	FT911-5323	538	0.38710232314854487	
359	FT911-4240	539	0.38710232314854487	
359	FT911-2064	540	0.38710232314854487	
359	FT911-3154	541	0.38710232314854487	
359	FT911-3395	542	0.38710232314854487	
359	FT911-5317	543	0.38710232314854487	
359	FT911-3137	544	0.38710232314854487	
359	FT911-4226	545	0.38710232314854487	
359	FT911-2287	546	0.38710232314854487	
359	FT911-2288	547	0.38710232314854487	
359	FT911-3378	548	0.38710232314854487	
359	FT911-4225	549	0.38710232314854487	
359	FT911-4224	550	0.38710232314854487	
359	FT911-3141	551	0.38710232314854487	
359	FT911-2053	552	0.38710232314854487	
359	FT911-2054	553	0.38710232314854487	
359	FT911-3380	554	0.38710232314854487	
359	FT911-5309	555	0.38710232314854487	
359	FT911-4216	556	0.38710232314854487	
359	FT911-4458	557	0.38710232314854487	
359	FT911-4699	558	0.38710232314854487	
359	FT911-4459	559	0.38710232314854487	
359	FT911-298	560	0.38710232314854487	
359	FT911-5300	561	0.38710232314854487	
359	FT911-4213	562	0.38710232314854487	
359	FT911-1194	563	0.38710232314854487	
359	FT911-1195	564	0.38710232314854487	
359	FT911-4463	565	0.38710232314854487	
359	FT911-1191	566	0.38710232314854487	
359	FT911-1179	567	0.38710232314854487	
359	FT911-2026	568	0.38710232314854487	
359	FT911-2027	569	0.38710232314854487	
359	FT911-4207	570	0.38710232314854487	
359	FT911-4206	571	0.38710232314854487	
359	FT911-4685	572	0.38710232314854487	
359	FT911-4200	573	0.38710232314854487	
359	FT911-4442	574	0.38710232314854487	
359	FT911-2025	575	0.38710232314854487	
359	FT911-4202	576	0.38710232314854487	
359	FT911-4450	577	0.38710232314854487	
359	FT911-3362	578	0.38710232314854487	
359	FT911-1180	579	0.38710232314854487	
359	FT911-3347	580	0.38710232314854487	
359	FT911-2017	581	0.38710232314854487	
359	FT911-4437	582	0.38710232314854487	
359	FT911-3585	583	0.38710232314854487	
359	FT911-4432	584	0.38710232314854487	
359	FT911-3342	585	0.38710232314854487	
359	FT911-3345	586	0.38710232314854487	
359	FT911-3102	587	0.38710232314854487	
359	FT911-4433	588	0.38710232314854487	
359	FT911-3591	589	0.38710232314854487	
359	FT911-4680	590	0.38710232314854487	
359	FT911-2488	591	0.38710232314854487	
359	FT911-3336	592	0.38710232314854487	
359	FT911-3578	593	0.38710232314854487	
359	FT911-2248	594	0.38710232314854487	
359	FT911-4663	595	0.38710232314854487	
359	FT911-1154	596	0.38710232314854487	
359	FT911-2486	597	0.38710232314854487	
359	FT911-3576	598	0.38710232314854487	
359	FT911-4665	599	0.38710232314854487	
359	FT911-4664	600	0.38710232314854487	
359	FT911-4419	601	0.38710232314854487	
359	FT911-3567	602	0.38710232314854487	
359	FT911-1147	603	0.38710232314854487	
359	FT911-1389	604	0.38710232314854487	
359	FT911-4655	605	0.38710232314854487	
359	FT911-3327	606	0.38710232314854487	
359	FT911-4657	607	0.38710232314854487	
359	FT911-1384	608	0.38710232314854487	
359	FT911-3563	609	0.38710232314854487	
359	FT911-4894	610	0.38710232314854487	
359	FT911-4651	611	0.38710232314854487	
359	FT911-3323	612	0.38710232314854487	
359	FT911-4896	613	0.38710232314854487	
359	FT911-4653	614	0.38710232314854487	
359	FT911-4895	615	0.38710232314854487	
359	FT911-3570	616	0.38710232314854487	
359	FT911-1150	617	0.38710232314854487	
359	FT911-3330	618	0.38710232314854487	
359	FT911-3571	619	0.38710232314854487	
359	FT911-4649	620	0.38710232314854487	
359	FT911-3559	621	0.38710232314854487	
359	FT911-2466	622	0.38710232314854487	
359	FT911-4644	623	0.38710232314854487	
359	FT911-4889	624	0.38710232314854487	
359	FT911-4646	625	0.38710232314854487	
359	FT911-4883	626	0.38710232314854487	
359	FT911-3551	627	0.38710232314854487	
359	FT911-3793	628	0.38710232314854487	
359	FT911-2222	629	0.38710232314854487	
359	FT911-3312	630	0.38710232314854487	
359	FT911-4643	631	0.38710232314854487	
359	FT911-2223	632	0.38710232314854487	
359	FT911-2465	633	0.38710232314854487	
359	FT911-3311	634	0.38710232314854487	
359	FT911-3795	635	0.38710232314854487	
359	FT911-4642	636	0.38710232314854487	
359	FT911-4890	637	0.38710232314854487	
359	FT911-2230	638	0.38710232314854487	
359	FT911-3307	639	0.38710232314854487	
359	FT911-4639	640	0.38710232314854487	
359	FT911-1124	641	0.38710232314854487	
359	FT911-3787	642	0.38710232314854487	
359	FT911-1125	643	0.38710232314854487	
359	FT911-2698	644	0.38710232314854487	
359	FT911-3786	645	0.38710232314854487	
359	FT911-4875	646	0.38710232314854487	
359	FT911-3304	647	0.38710232314854487	
359	FT911-2451	648	0.38710232314854487	
359	FT911-2693	649	0.38710232314854487	
359	FT911-3783	650	0.38710232314854487	
359	FT911-3782	651	0.38710232314854487	
359	FT911-1122	652	0.38710232314854487	
359	FT911-2211	653	0.38710232314854487	
359	FT911-3543	654	0.38710232314854487	
359	FT911-1123	655	0.38710232314854487	
359	FT911-2454	656	0.38710232314854487	
359	FT911-2696	657	0.38710232314854487	
359	FT911-1370	658	0.38710232314854487	
359	FT911-1371	659	0.38710232314854487	
359	FT911-3792	660	0.38710232314854487	
359	FT911-3791	661	0.38710232314854487	
359	FT911-912	662	0.38710232314854487	
359	FT911-918	663	0.38710232314854487	
359	FT911-4627	664	0.38710232314854487	
359	FT911-4869	665	0.38710232314854487	
359	FT911-2209	666	0.38710232314854487	
359	FT911-4625	667	0.38710232314854487	
359	FT911-2205	668	0.38710232314854487	
359	FT911-2689	669	0.38710232314854487	
359	FT911-3535	670	0.38710232314854487	
359	FT911-2683	671	0.38710232314854487	
359	FT911-4860	672	0.38710232314854487	
359	FT911-1595	673	0.38710232314854487	
359	FT911-2684	674	0.38710232314854487	
359	FT911-3774	675	0.38710232314854487	
359	FT911-4863	676	0.38710232314854487	
359	FT911-4862	677	0.38710232314854487	
359	FT911-3781	678	0.38710232314854487	
359	FT911-4870	679	0.38710232314854487	
359	FT911-2692	680	0.38710232314854487	
359	FT911-2437	681	0.38710232314854487	
359	FT911-1107	682	0.38710232314854487	
359	FT911-2438	683	0.38710232314854487	
359	FT911-3768	684	0.38710232314854487	
359	FT911-1109	685	0.38710232314854487	
359	FT911-3523	686	0.38710232314854487	
359	FT911-1587	687	0.38710232314854487	
359	FT911-2677	688	0.38710232314854487	
359	FT911-4614	689	0.38710232314854487	
359	FT911-1105	690	0.38710232314854487	
359	FT911-2436	691	0.38710232314854487	
359	FT911-2671	692	0.38710232314854487	
359	FT911-2672	693	0.38710232314854487	
359	FT911-1584	694	0.38710232314854487	
359	FT911-1343	695	0.38710232314854487	
359	FT911-2674	696	0.38710232314854487	
359	FT911-1592	697	0.38710232314854487	
359	FT911-4608	698	0.38710232314854487	
359	FT911-4849	699	0.38710232314854487	
359	FT911-4848	700	0.38710232314854487	
359	FT911-2424	701	0.38710232314854487	
359	FT911-1572	702	0.38710232314854487	
359	FT911-2661	703	0.38710232314854487	
359	FT911-2420	704	0.38710232314854487	
359	FT911-2421	705	0.38710232314854487	
359	FT911-1581	706	0.38710232314854487	
359	FT911-902	707	0.38710232314854487	
359	FT911-904	708	0.38710232314854487	
359	FT911-903	709	0.38710232314854487	
359	FT911-3629	710	0.38710232314854487	
359	FT911-1689	711	0.38710232314854487	
359	FT911-3868	712	0.38710232314854487	
359	FT911-2539	713	0.38710232314854487	
359	FT911-2774	714	0.38710232314854487	
359	FT911-2533	715	0.38710232314854487	
359	FT911-1445	716	0.38710232314854487	
359	FT911-2776	717	0.38710232314854487	
359	FT911-1688	718	0.38710232314854487	
359	FT911-2535	719	0.38710232314854487	
359	FT911-3623	720	0.38710232314854487	
359	FT911-1681	721	0.38710232314854487	
359	FT911-1682	722	0.38710232314854487	
359	FT911-2772	723	0.38710232314854487	
359	FT911-2773	724	0.38710232314854487	
359	FT911-830	725	0.38710232314854487	
359	FT911-1691	726	0.38710232314854487	
359	FT911-3618	727	0.38710232314854487	
359	FT911-2521	728	0.38710232314854487	
359	FT911-4702	729	0.38710232314854487	
359	FT911-1673	730	0.38710232314854487	
359	FT911-2520	731	0.38710232314854487	
359	FT911-2762	732	0.38710232314854487	
359	FT911-842	733	0.38710232314854487	
359	FT911-603	734	0.38710232314854487	
359	FT911-845	735	0.38710232314854487	
359	FT911-844	736	0.38710232314854487	
359	FT911-604	737	0.38710232314854487	
359	FT911-4938	738	0.38710232314854487	
359	FT911-2514	739	0.38710232314854487	
359	FT911-2998	740	0.38710232314854487	
359	FT911-4935	741	0.38710232314854487	
359	FT911-2994	742	0.38710232314854487	
359	FT911-1664	743	0.38710232314854487	
359	FT911-2995	744	0.38710232314854487	
359	FT911-2754	745	0.38710232314854487	
359	FT911-2996	746	0.38710232314854487	
359	FT911-2997	747	0.38710232314854487	
359	FT911-2990	748	0.38710232314854487	
359	FT911-2991	749	0.38710232314854487	
359	FT911-2992	750	0.38710232314854487	
359	FT911-810	751	0.38710232314854487	
359	FT911-4928	752	0.38710232314854487	
359	FT911-4929	753	0.38710232314854487	
359	FT911-1414	754	0.38710232314854487	
359	FT911-2503	755	0.38710232314854487	
359	FT911-2987	756	0.38710232314854487	
359	FT911-1899	757	0.38710232314854487	
359	FT911-2988	758	0.38710232314854487	
359	FT911-2989	759	0.38710232314854487	
359	FT911-2983	760	0.38710232314854487	
359	FT911-1411	761	0.38710232314854487	
359	FT911-3830	762	0.38710232314854487	
359	FT911-1412	763	0.38710232314854487	
359	FT911-2985	764	0.38710232314854487	
359	FT911-3833	765	0.38710232314854487	
359	FT911-4921	766	0.38710232314854487	
359	FT911-2980	767	0.38710232314854487	
359	FT911-2982	768	0.38710232314854487	
359	FT911-829	769	0.38710232314854487	
359	FT911-1408	770	0.38710232314854487	
359	FT911-1645	771	0.38710232314854487	
359	FT911-1405	772	0.38710232314854487	
359	FT911-1647	773	0.38710232314854487	
359	FT911-2736	774	0.38710232314854487	
359	FT911-2978	775	0.38710232314854487	
359	FT911-1642	776	0.38710232314854487	
359	FT911-870	777	0.38710232314854487	
359	FT911-1881	778	0.38710232314854487	
359	FT911-630	779	0.38710232314854487	
359	FT911-635	780	0.38710232314854487	
359	FT911-1639	781	0.38710232314854487	
359	FT911-4907	782	0.38710232314854487	
359	FT911-2723	783	0.38710232314854487	
359	FT911-4902	784	0.38710232314854487	
359	FT911-1635	785	0.38710232314854487	
359	FT911-4901	786	0.38710232314854487	
359	FT911-4904	787	0.38710232314854487	
359	FT911-2962	788	0.38710232314854487	
359	FT911-640	789	0.38710232314854487	
359	FT911-401	790	0.38710232314854487	
359	FT911-407	791	0.38710232314854487	
359	FT911-2717	792	0.38710232314854487	
359	FT911-3805	793	0.38710232314854487	
359	FT911-1623	794	0.38710232314854487	
359	FT911-2712	795	0.38710232314854487	
359	FT911-1866	796	0.38710232314854487	
359	FT911-3804	797	0.38710232314854487	
359	FT911-1868	798	0.38710232314854487	
359	FT911-1861	799	0.38710232314854487	
359	FT911-2951	800	0.38710232314854487	
359	FT911-2711	801	0.38710232314854487	
359	FT911-853	802	0.38710232314854487	
359	FT911-855	803	0.38710232314854487	
359	FT911-1616	804	0.38710232314854487	
359	FT911-1617	805	0.38710232314854487	
359	FT911-1614	806	0.38710232314854487	
359	FT911-2940	807	0.38710232314854487	
359	FT911-2700	808	0.38710232314854487	
359	FT911-1848	809	0.38710232314854487	
359	FT911-1601	810	0.38710232314854487	
359	FT911-1600	811	0.38710232314854487	
359	FT911-1842	812	0.38710232314854487	
359	FT911-674	813	0.38710232314854487	
359	FT911-436	814	0.38710232314854487	
359	FT911-435	815	0.38710232314854487	
359	FT911-679	816	0.38710232314854487	
359	FT911-439	817	0.38710232314854487	
359	FT911-1836	818	0.38710232314854487	
359	FT911-1839	819	0.38710232314854487	
359	FT911-2922	820	0.38710232314854487	
359	FT911-2923	821	0.38710232314854487	
359	FT911-1830	822	0.38710232314854487	
359	FT911-1831	823	0.38710232314854487	
359	FT911-201	824	0.38710232314854487	
359	FT911-685	825	0.38710232314854487	
359	FT911-687	826	0.38710232314854487	
359	FT911-204	827	0.38710232314854487	
359	FT911-2915	828	0.38710232314854487	
359	FT911-1827	829	0.38710232314854487	
359	FT911-2916	830	0.38710232314854487	
359	FT911-2911	831	0.38710232314854487	
359	FT911-414	832	0.38710232314854487	
359	FT911-5196	833	0.38710232314854487	
359	FT911-899	834	0.38710232314854487	
359	FT911-5190	835	0.38710232314854487	
359	FT911-1815	836	0.38710232314854487	
359	FT911-4098	837	0.38710232314854487	
359	FT911-664	838	0.38710232314854487	
359	FT911-5185	839	0.38710232314854487	
359	FT911-4095	840	0.38710232314854487	
359	FT911-4092	841	0.38710232314854487	
359	FT911-1803	842	0.38710232314854487	
359	FT911-5168	843	0.38710232314854487	
359	FT911-5177	844	0.38710232314854487	
359	FT911-478	845	0.38710232314854487	
359	FT911-5176	846	0.38710232314854487	
359	FT911-5172	847	0.38710232314854487	
359	FT911-241	848	0.38710232314854487	
359	FT911-5157	849	0.38710232314854487	
359	FT911-484	850	0.38710232314854487	
359	FT911-5158	851	0.38710232314854487	
359	FT911-4076	852	0.38710232314854487	
359	FT911-5162	853	0.38710232314854487	
359	FT911-248	854	0.38710232314854487	
359	FT911-5161	855	0.38710232314854487	
359	FT911-4058	856	0.38710232314854487	
359	FT911-4057	857	0.38710232314854487	
359	FT911-210	858	0.38710232314854487	
359	FT911-452	859	0.38710232314854487	
359	FT911-693	860	0.38710232314854487	
359	FT911-4059	861	0.38710232314854487	
359	FT911-696	862	0.38710232314854487	
359	FT911-4067	863	0.38710232314854487	
359	FT911-697	864	0.38710232314854487	
359	FT911-216	865	0.38710232314854487	
359	FT911-4060	866	0.38710232314854487	
359	FT911-5150	867	0.38710232314854487	
359	FT911-461	868	0.38710232314854487	
359	FT911-5137	869	0.38710232314854487	
359	FT911-220	870	0.38710232314854487	
359	FT911-466	871	0.38710232314854487	
359	FT911-226	872	0.38710232314854487	
359	FT911-4051	873	0.38710232314854487	
